-,-,-
-34.912109, -43.701172, 866.210938
-12.451172, -31.982422, 869.140625
-48.583984, -33.935547, 880.859375
-54.931641, -69.091797, 840.820312
-48.095703, -88.623047, 844.726562
-17.333984, -114.013672, 830.078125
-96.435547, -113.037109, 902.343750
31.250000, -128.173828, 877.929688
-48.095703, -150.146484, 968.750000
-87.158203, -171.630859, 1059.570312
-30.029297, -201.904297, 1037.109375
-52.978516, -223.388672, 1059.570312
11.230469, -145.263672, 1072.265625
-32.470703, -154.052734, 1138.671875
-10.009766, -155.029297, 1080.078125
-91.552734, -149.169922, 1209.960938
-41.748047, -211.669922, 1198.242188
-,-,-
-75.927734, 25.390625, 889.648438
-84.228516, -4.638672, 732.910156
-158.447266, -17.333984, 575.195312
-76.904297, 39.062500, 554.199219
-132.568359, -28.076172, 609.375000
-84.716797, -106.201172, 745.117188
-171.630859, -104.248047, 875.000000
24.902344, -114.013672, 1031.738281
-108.154297, -153.564453, 1347.656250
11.718750, -156.982422, 1333.984375
-103.759766, -200.927734, 1444.824219
37.597656, -233.154297, 1296.875000
-52.490234, -204.833984, 1323.730469
-,-,-
-15.380859, 61.523438, 505.371094
-165.283203, 101.562500, 479.492188
-57.373047, 0.488281, 423.339844
-92.529297, 12.695312, 631.835938
-131.591797, -67.138672, 876.953125
-52.001953, -106.201172, 1165.039062
-124.755859, -131.591797, 1340.820312
-141.357422, -111.083984, 1414.062500
-71.533203, -142.333984, 1474.609375
-68.115234, -187.255859, 1424.804688
97.167969, -116.455078, 1202.148438
-,-,-
-101.806641, 36.132812, 526.367188
-110.595703, -9.521484, 496.093750
-83.740234, -96.435547, 727.050781
-94.482422, -188.232422, 919.921875
-352.294922, -311.279297, 1323.242188
-190.673828, -310.302734, 1714.843750
-168.701172, -93.505859, 1665.527344
74.218750, 81.054688, 909.179688
12.207031, -36.865234, 1161.132812
-101.806641, -119.873047, 1132.812500
-,-,-
-153.076172, 116.210938, 541.015625
-13.427734, -20.263672, 429.199219
-83.740234, 71.289062, 507.324219
-14.404297, -26.123047, 655.273438
-125.732422, -173.583984, 979.980469
-57.861328, -235.107422, 1340.820312
-81.298828, -153.076172, 1575.683594
-110.595703, -290.771484, 1583.984375
-49.072266, -167.724609, 1355.468750
-147.216797, 55.664062, 1999.755859
34.667969, -19.287109, 961.914062
-82.275391, -99.365234, 938.964844
-,-,-
19.042969, 107.421875, 564.453125
-198.486328, 28.320312, 769.042969
-9.033203, -22.216797, 1038.085938
-226.318359, -51.513672, 1375.000000
-93.505859, 20.507812, 1427.734375
-159.423828, -48.583984, 1521.484375
-102.294922, -102.294922, 1427.734375
-43.701172, -60.302734, 1302.734375
-90.087891, -65.185547, 1180.664062
-26.611328, -111.083984, 1213.867188
-90.087891, -80.810547, 1049.804688
-,-,-
-106.201172, 115.234375, 636.230469
-152.099609, 47.851562, 592.773438
-45.166016, 91.796875, 610.351562
-246.337891, -2.685547, 608.398438
-16.845703, 40.039062, 791.015625
-162.841797, -10.498047, 1080.078125
-28.076172, -61.279297, 1431.640625
-119.384766, -138.427734, 1554.687500
-74.462891, -191.162109, 1481.445312
75.195312, -271.240234, 1040.527344
74.218750, -49.560547, 970.703125
83.007812, -80.810547, 915.039062
-93.994141, -131.591797, 943.359375
-49.072266, -195.068359, 1008.789062
-28.076172, -120.849609, 962.890625
-69.091797, -151.123047, 1008.789062
-13.427734, -149.169922, 996.093750
14.160156, -146.240234, 1009.765625
-,-,-
-83.740234, 71.289062, 604.492188
23.437500, 136.718750, 558.593750
-61.279297, 82.031250, 620.117188
-143.798828, 11.718750, 621.093750
-26.123047, 6.835938, 718.750000
-150.146484, -86.669922, 876.953125
-93.017578, -60.302734, 1162.109375
-212.646484, -107.666016, 1350.585938
-125.732422, -166.748047, 1416.992188
-136.962891, -201.904297, 1421.875000
-86.181641, -186.279297, 1312.500000
-92.529297, -160.888672, 1184.570312
-8.056641, -237.060547, 1203.613281
-41.259766, -194.091797, 1013.671875
-92.529297, -173.583984, 1005.859375
-,-,-
-53.955078, 30.273438, 865.234375
-113.037109, 40.039062, 734.375000
-5.126953, 74.218750, 494.140625
-101.806641, 17.578125, 487.304688
29.296875, 78.125000, 482.421875
-239.013672, 19.531250, 635.253906
85.937500, -70.068359, 900.390625
-237.548828, -92.529297, 1206.054688
-108.642578, -214.599609, 1427.734375
-110.107422, -125.244141, 1527.343750
-99.365234, -173.583984, 1510.742188
-14.892578, -148.193359, 1333.984375
-68.115234, -388.427734, 1615.722656
35.156250, -105.224609, 1019.531250
-23.681641, -122.314453, 1083.984375
-,-,-
-78.369141, 144.531250, 519.531250
-50.048828, 6.835938, 536.132812
-23.681641, 22.460938, 703.125000
-122.802734, -67.138672, 908.203125
-60.302734, 14.648438, 996.093750
-72.509766, -127.685547, 1196.777344
-116.943359, -34.912109, 1210.937500
-59.326172, -143.310547, 1379.882812
-91.552734, -165.771484, 1334.960938
-81.787109, -127.685547, 1345.703125
-73.974609, -136.474609, 1238.769531
-31.982422, -136.474609, 1147.949219
-79.345703, -136.474609, 1081.054688
-69.091797, -110.107422, 1044.921875
-91.552734, -139.404297, 1038.085938
-58.837891, -146.240234, 968.750000
-,-,-
-101.806641, 73.242188, 812.011719
-74.462891, 51.757812, 681.152344
-75.927734, 51.757812, 505.859375
-88.134766, 60.546875, 420.898438
-72.998047, 79.101562, 515.625000
59.570312, -33.935547, 691.406250
-182.861328, -150.146484, 1001.953125
33.203125, -174.560547, 1281.738281
-218.505859, -204.833984, 1596.679688
-135.986328, -203.857422, 1521.484375
-97.412109, -131.591797, 1434.570312
-212.646484, -525.146484, 1743.652344
-63.720703, -99.365234, 1019.531250
3.417969, -157.958984, 1060.546875
-,-,-
-85.693359, 72.265625, 698.242188
-24.658203, 70.312500, 466.308594
-121.826172, 104.492188, 396.484375
62.988281, 88.867188, 448.242188
-139.404297, 57.617188, 646.484375
-111.572266, -87.646484, 921.875000
-33.935547, 11.718750, 1182.617188
-86.181641, -66.162109, 1671.386719
-77.880859, -90.576172, 1661.621094
-103.759766, -72.021484, 1586.914062
-19.287109, -101.318359, 1375.000000
34.179688, -112.060547, 1040.039062
11.718750, -112.060547, 1041.015625
12.695312, -113.037109, 947.265625
-,-,-
-52.490234, 137.695312, 439.453125
-51.513672, 140.625000, 271.484375
9.765625, 104.492188, 469.238281
-75.927734, 97.656250, 685.058594
-37.353516, 22.460938, 1019.531250
-55.908203, -57.373047, 1313.476562
-138.427734, -116.943359, 1485.351562
-27.099609, -97.412109, 1549.804688
-102.783203, -90.576172, 1471.679688
-48.095703, -86.669922, 1386.718750
-21.728516, -83.740234, 1220.703125
27.832031, -60.302734, 1192.871094
-76.416016, -79.833984, 1067.871094
-18.798828, -94.482422, 1009.765625
-72.509766, -55.419922, 976.562500
-108.642578, -31.005859, 961.914062
-92.529297, -57.373047, 1007.812500
-,-,-
-82.275391, 126.464844, 581.054688
-101.806641, 38.085938, 546.875000
-4.150391, 94.726562, 630.859375
-233.154297, 35.156250, 761.718750
-93.017578, 12.695312, 933.593750
-250.732422, 7.812500, 1109.863281
-145.751953, -96.923828, 1460.937500
-245.361328, -101.318359, 1405.761719
-103.759766, -97.412109, 1394.531250
-145.751953, -119.873047, 1255.859375
-67.626953, -72.021484, 1375.976562
-100.341797, -111.572266, 1030.273438
-,-,-
-156.005859, 83.984375, 626.953125
-74.462891, -25.146484, 765.136719
-183.837891, 27.343750, 848.632812
-119.384766, -54.443359, 1000.976562
-154.052734, -29.052734, 1068.359375
-269.775391, -23.193359, 1261.718750
-139.892578, -60.302734, 1223.632812
-198.486328, -103.271484, 1320.800781
-107.177734, -113.037109, 1234.863281
-208.251953, -158.935547, 1209.960938
-79.345703, -140.380859, 1312.011719
-153.076172, -129.638672, 1065.917969
-73.974609, -181.396484, 1045.898438
-,-,-
-112.060547, -38.818359, 682.128906
-162.841797, 4.882812, 823.242188
-135.986328, -22.216797, 880.859375
-64.697266, -49.560547, 984.375000
-266.357422, -102.294922, 1122.070312
-6.591797, -109.130859, 1243.164062
-254.150391, -99.365234, 1347.656250
-88.623047, -165.771484, 1285.156250
-164.794922, -132.568359, 1200.195312
-208.740234, -214.599609, 1629.882812
-130.615234, -159.912109, 997.070312
0.488281, -152.099609, 1011.718750
-42.236328, -158.935547, 979.980469
-80.322266, -182.373047, 1006.835938
-33.935547, -191.162109, 1037.109375
-,-,-
-98.388672, 50.781250, 729.492188
-57.861328, 70.312500, 587.890625
-74.462891, 15.625000, 478.515625
-75.927734, 119.140625, 450.195312
-93.994141, 6.835938, 630.859375
-220.947266, -33.935547, 876.953125
-96.923828, -105.224609, 1142.578125
-348.876953, -247.314453, 1158.203125
-112.548828, -150.146484, 1374.023438
-235.595703, -124.755859, 1357.910156
-130.615234, -127.685547, 1294.921875
-119.384766, -119.873047, 1174.804688
-,-,-
-146.240234, 15.625000, 615.234375
-147.216797, 9.765625, 675.781250
-167.236328, 74.218750, 715.820312
-74.462891, -20.263672, 796.875000
-288.330078, 6.835938, 987.304688
-106.201172, -123.291016, 1166.992188
-176.025391, -43.701172, 1233.886719
-145.751953, -167.724609, 1404.296875
-79.345703, -96.435547, 1304.687500
-153.076172, -114.013672, 1247.070312
-57.861328, -167.724609, 1190.917969
-,-,-
-100.341797, 39.062500, 536.132812
-161.376953, 12.695312, 593.261719
-90.087891, -40.771484, 760.742188
-116.455078, 91.796875, 748.046875
-114.013672, -41.748047, 1033.203125
-25.634766, -13.427734, 1196.289062
-222.412109, 8.300781, 1378.906250
-40.771484, -46.630859, 1377.929688
-183.837891, -2.685547, 1368.164062
-92.529297, -59.326172, 1294.921875
75.195312, -73.974609, 1256.835938
-,-,-
-70.068359, 73.242188, 569.335938
-71.044922, 97.656250, 604.492188
-203.857422, 78.125000, 768.066406
-91.064453, 65.429688, 870.117188
-301.025391, 36.132812, 994.140625
-140.869141, 43.945312, 1050.781250
-279.541016, -24.169922, 1228.515625
-182.861328, -72.998047, 1242.675781
-209.228516, 10.742188, 1224.609375
-222.412109, -61.279297, 1264.648438
-93.994141, -27.099609, 1214.843750
-112.060547, -66.162109, 1099.609375
-,-,-
-43.701172, 112.304688, 653.320312
-106.201172, 55.664062, 592.773438
-2.197266, 112.304688, 586.914062
-106.689453, 52.734375, 724.121094
-196.533203, 28.320312, 892.578125
-20.263672, -44.677734, 1126.953125
-269.775391, -125.244141, 1247.070312
-86.181641, -149.169922, 1317.382812
-215.087891, -157.958984, 1342.773438
30.761719, -134.033203, 1210.937500
-105.224609, -130.615234, 1254.882812
-49.560547, -155.029297, 1545.410156
-,-,-
-44.677734, 171.875000, 536.132812
-70.556641, 23.437500, 576.171875
-48.095703, 11.718750, 635.253906
-82.763672, 34.179688, 870.117188
-245.361328, -96.435547, 1081.054688
-148.193359, 29.296875, 1182.617188
-243.896484, -93.505859, 1464.843750
-147.216797, -74.951172, 1358.398438
-177.001953, -76.904297, 1386.718750
-138.427734, -129.638672, 1268.554688
-25.634766, -65.185547, 1341.796875
-,-,-
-18.310547, 48.828125, 768.066406
-21.240234, 83.984375, 690.429688
-108.154297, 63.476562, 655.273438
40.527344, -2.197266, 866.210938
-111.572266, -20.263672, 1042.968750
-172.607422, -70.068359, 1374.511719
-94.970703, -87.646484, 1493.652344
-205.322266, -27.099609, 1658.691406
-145.751953, 88.867188, 812.011719
168.945312, -40.771484, 969.726562
0.488281, -104.248047, 1056.640625
-114.990234, -118.896484, 1099.609375
-,-,-
-91.552734, 97.656250, 595.214844
-14.404297, 101.562500, 456.054688
-30.029297, 97.656250, 527.343750
-80.322266, 19.531250, 831.054688
-197.021484, -80.810547, 969.726562
-14.404297, -27.099609, 1147.460938
-168.212891, 32.226562, 1367.187500
-32.470703, -89.599609, 1413.085938
-140.869141, -65.185547, 1401.367188
-89.111328, -134.521484, 1239.746094
-38.330078, -80.810547, 1049.804688
-91.552734, -109.130859, 1022.949219
-29.541016, -172.607422, 1134.765625
-75.927734, -128.662109, 1051.757812
-6.103516, -105.224609, 982.910156
-,-,-
-1.708984, 68.359375, 562.500000
-101.318359, 33.203125, 574.218750
-95.947266, 79.101562, 560.546875
-68.115234, 77.148438, 609.375000
-155.029297, -17.333984, 869.140625
-196.044922, -7.568359, 1200.195312
-168.212891, -30.029297, 1446.777344
-174.072266, -75.927734, 1502.929688
-65.673828, -57.373047, 1465.820312
-158.447266, -54.443359, 1321.777344
98.632812, -169.677734, 1191.894531
-60.302734, -107.177734, 1134.765625
23.925781, -107.177734, 961.914062
-90.576172, -119.873047, 945.312500
-77.392578, -113.037109, 958.984375
-69.580078, -110.107422, 997.070312
-,-,-
-150.634766, -31.005859, 652.343750
-153.076172, -26.123047, 669.921875
-51.513672, 5.859375, 791.992188
-47.119141, 62.500000, 784.179688
-130.615234, -23.193359, 1152.832031
-165.283203, -169.677734, 1263.671875
-288.330078, -90.576172, 1583.007812
-40.283203, -54.443359, 1392.578125
-86.181641, -258.056641, 1232.910156
66.894531, -21.240234, 993.164062
73.730469, -61.279297, 955.078125
-52.978516, -83.740234, 979.003906
-29.052734, -144.287109, 1018.554688
-39.794922, -77.880859, 979.980469
-39.306641, -96.435547, 1019.042969
-22.705078, -158.935547, 1015.625000
-13.427734, -117.919922, 1015.625000
-38.818359, -84.716797, 1022.949219
-,-,-
-72.509766, 100.585938, 370.117188
-61.767578, 19.531250, 585.937500
-146.240234, -47.607422, 649.414062
-124.755859, -6.591797, 808.105469
-132.568359, -87.646484, 1141.601562
-284.423828, -200.927734, 1270.996094
-167.236328, -134.521484, 1508.789062
-189.208984, -113.037109, 1366.210938
-74.951172, -88.623047, 1241.210938
-87.158203, -145.263672, 1183.593750
-14.404297, -83.740234, 1032.226562
-21.240234, -70.068359, 922.851562
-117.431641, -115.966797, 958.984375
-97.900391, -160.888672, 1026.367188
-65.673828, -157.958984, 1049.804688
-,-,-
-155.029297, 83.984375, 780.273438
-210.693359, -35.888672, 956.054688
-119.384766, 15.625000, 1126.953125
-201.904297, -67.138672, 1366.699219
-187.744141, -85.693359, 1331.054688
-112.548828, -48.583984, 1308.593750
-78.369141, -205.810547, 1434.570312
154.296875, -54.443359, 1008.789062
6.347656, -32.958984, 951.171875
-107.177734, -155.029297, 1007.812500
-74.951172, -114.990234, 985.839844
-74.951172, -111.083984, 960.937500
-82.763672, -122.314453, 1041.992188
-,-,-
-237.548828, 1.953125, 924.804688
-146.240234, -37.841797, 947.265625
-122.802734, 10.742188, 997.070312
-329.833984, -77.880859, 1089.843750
-168.212891, -84.716797, 1250.000000
-268.798828, -51.513672, 1316.406250
-149.658203, -55.419922, 1267.578125
-172.607422, -13.427734, 1157.226562
-84.716797, -22.216797, 1190.917969
-136.962891, -29.052734, 1055.664062
-85.693359, -94.482422, 1060.058594
-69.091797, -101.318359, 1000.000000
-87.158203, -113.037109, 1006.835938
-94.970703, -109.130859, 1054.687500
-110.107422, -106.201172, 1041.992188
-116.943359, -45.654297, 1060.546875
-,-,-
-181.396484, 78.125000, 858.398438
-233.154297, 20.507812, 796.875000
-258.544922, -5.615234, 1021.972656
-331.298828, -92.529297, 1214.843750
-362.060547, -116.943359, 1328.613281
-250.732422, -112.060547, 1315.429688
-276.611328, -114.990234, 1257.812500
-99.365234, -180.419922, 1237.792969
-132.568359, -110.107422, 960.937500
-90.576172, -116.943359, 958.007812
-144.775391, -111.083984, 1008.789062
-134.033203, -112.060547, 1022.949219
-,-,-
-107.177734, 23.437500, 785.156250
-13.427734, 14.648438, 605.468750
-120.849609, 56.640625, 594.726562
-125.732422, -41.748047, 716.796875
-110.595703, 42.968750, 790.039062
-145.263672, -70.068359, 1134.765625
-131.591797, -177.490234, 1345.703125
-159.912109, -162.841797, 1513.671875
-77.392578, -156.005859, 1360.351562
-52.490234, -164.794922, 1261.718750
-16.845703, -134.521484, 1104.980469
-64.697266, -196.044922, 1108.886719
-49.072266, -164.794922, 1024.902344
-,-,-
-86.181641, 37.109375, 754.882812
-111.572266, 68.359375, 593.750000
-21.728516, 3.906250, 620.117188
-108.642578, 86.914062, 703.125000
-61.279297, 65.429688, 927.734375
-212.158203, -23.193359, 1176.757812
-147.216797, -73.974609, 1639.648438
-166.259766, -106.201172, 1330.078125
-166.259766, -107.177734, 1249.023438
-91.552734, -112.060547, 1214.843750
-172.607422, -73.974609, 1160.156250
-108.642578, -127.685547, 1118.164062
-141.357422, -102.294922, 1188.964844
-133.544922, -110.107422, 1031.250000
-,-,-
-102.783203, 108.398438, 582.031250
-189.208984, 21.484375, 765.136719
-77.880859, 0.488281, 820.312500
-209.716797, 25.390625, 920.898438
-152.587891, -72.021484, 1099.609375
-210.693359, -109.130859, 1223.632812
-237.060547, -185.302734, 1317.382812
-162.841797, -135.498047, 1282.714844
-182.861328, -168.701172, 1192.871094
-108.642578, -198.974609, 1077.148438
-193.115234, -186.279297, 1105.468750
-,-,-
-131.591797, 112.304688, 668.945312
-100.341797, 72.265625, 702.148438
-167.724609, 74.218750, 705.078125
-123.779297, 72.265625, 860.351562
-225.830078, 66.406250, 983.886719
-157.958984, -18.310547, 1053.710938
-223.388672, 35.156250, 1201.171875
-210.693359, -40.771484, 1205.078125
-268.798828, -36.865234, 1207.031250
-,-,-
-71.533203, 97.656250, 700.195312
-217.529297, 92.773438, 643.554688
-42.724609, 6.835938, 708.984375
-140.380859, 6.347656, 858.398438
-295.166016, 1.464844, 1028.808594
-166.259766, -48.583984, 1220.703125
-269.775391, -105.224609, 1313.476562
-197.021484, -117.919922, 1271.484375
-161.865234, -120.849609, 1249.023438
-148.193359, -156.005859, 1204.101562
-112.548828, -136.474609, 1047.851562
-68.115234, -139.404297, 1089.843750
-103.759766, -145.263672, 1105.468750
-,-,-
-129.150391, 73.242188, 585.937500
0.488281, 94.726562, 626.953125
-251.708984, 12.695312, 749.023438
-95.947266, 33.203125, 904.296875
-215.087891, -28.076172, 1089.843750
-154.541016, -96.923828, 1477.539062
-181.884766, -51.513672, 1330.078125
-238.525391, -95.458984, 1291.992188
-74.462891, -71.044922, 1251.953125
-200.927734, -97.412109, 1144.042969
-115.966797, -132.568359, 1102.539062
-137.451172, -118.896484, 1035.156250
-93.994141, -238.037109, 1227.539062
-98.388672, -113.037109, 1023.925781
-86.181641, -121.337891, 963.867188
-120.361328, -147.216797, 1023.925781
-,-,-
-107.666016, 132.812500, 473.144531
-75.927734, 55.664062, 523.437500
-53.955078, -30.029297, 614.257812
-148.193359, -71.044922, 769.042969
-124.755859, -68.115234, 887.207031
-214.111328, -115.966797, 1065.917969
-106.201172, 34.179688, 731.445312
-227.783203, -177.490234, 1389.648438
-113.037109, -182.373047, 1358.398438
-140.380859, -143.310547, 1357.421875
-112.060547, -163.818359, 1240.722656
-72.998047, -154.052734, 1137.695312
-119.384766, -263.427734, 1330.078125
-,-,-
-145.263672, 106.445312, 575.195312
-57.861328, 30.273438, 592.773438
-248.779297, 71.289062, 729.003906
-111.572266, -31.005859, 851.074219
-153.076172, -46.630859, 1029.296875
-93.505859, -25.146484, 1096.679688
-105.224609, -126.220703, 1327.148438
-171.630859, -130.615234, 1369.140625
-109.130859, -148.193359, 1385.742188
-167.724609, -196.044922, 1300.781250
-134.521484, -268.310547, 1662.597656
-174.072266, -88.623047, 1017.578125
-,-,-
-78.369141, 98.632812, 540.039062
-106.201172, -5.615234, 588.867188
-136.474609, 17.578125, 687.500000
-149.658203, 6.835938, 922.851562
-107.177734, 2.441406, 967.773438
-204.345703, 17.578125, 1055.664062
35.156250, 5.371094, 873.046875
-246.337891, -72.998047, 1359.375000
-101.806641, -150.146484, 1389.648438
-160.400391, -219.482422, 1331.054688
-162.841797, -171.630859, 1133.789062
-47.119141, -122.802734, 1043.945312
-125.732422, -180.419922, 1039.062500
-70.556641, -204.833984, 1005.859375
-114.990234, -171.630859, 1044.921875
-,-,-
-15.869141, -2.685547, 573.242188
-24.169922, 118.164062, 445.312500
17.578125, 131.835938, 476.562500
-81.787109, 38.085938, 578.125000
-107.666016, 77.148438, 734.375000
-106.201172, -55.419922, 1000.000000
-214.111328, -72.998047, 1127.929688
-167.236328, -176.513672, 1300.781250
-199.951172, -82.763672, 1309.570312
-89.599609, -122.314453, 1360.351562
-82.763672, -117.919922, 1197.265625
-66.162109, -106.201172, 1129.882812
-59.326172, -131.591797, 1059.570312
-113.525391, -272.216797, 1446.777344
-150.634766, -111.083984, 1061.523438
12.695312, -180.419922, 1075.195312
-,-,-
-33.935547, 20.507812, 643.066406
-160.400391, 46.875000, 774.414062
-98.388672, 63.476562, 830.078125
-110.107422, 66.406250, 1037.109375
-212.646484, -13.427734, 1100.585938
-93.017578, 95.214844, 1235.839844
-190.185547, -116.943359, 1258.789062
-99.365234, -72.998047, 1228.515625
-186.279297, -103.271484, 1296.875000
-108.642578, -92.529297, 1170.898438
-114.990234, -87.646484, 1084.960938
-138.427734, -96.435547, 1040.039062
-146.240234, -92.529297, 1065.917969
-126.708984, -179.443359, 1260.742188
-,-,-
-101.318359, -4.638672, 668.945312
-83.740234, -68.115234, 676.757812
-127.197266, -92.529297, 977.050781
-29.052734, -86.669922, 989.257812
-219.482422, -316.162109, 1192.871094
-27.099609, -195.068359, 1497.558594
-90.576172, -188.232422, 1485.351562
-15.869141, -136.474609, 1389.648438
-88.134766, 21.484375, 1208.984375
2.929688, -208.740234, 1136.718750
-,-,-
-67.138672, 20.507812, 526.367188
-70.556641, -46.630859, 543.945312
-90.087891, -47.607422, 775.390625
-42.724609, -120.849609, 1018.554688
-168.212891, -277.587891, 1265.625000
2.929688, -251.708984, 1504.882812
-45.654297, -286.865234, 1449.707031
23.925781, -192.138672, 1407.714844
13.183594, -114.990234, 1561.523438
-14.404297, -230.224609, 1230.957031
14.648438, -58.349609, 1107.910156
-,-,-
-51.513672, 46.875000, 565.429688
-126.220703, 26.367188, 671.875000
-10.986328, -50.537109, 747.070312
-148.681641, -41.748047, 968.750000
-94.970703, -156.005859, 1167.968750
-49.072266, -132.568359, 1238.769531
-193.115234, -143.310547, 1374.023438
-13.427734, -173.583984, 1336.914062
-136.962891, -133.544922, 1212.890625
-56.396484, -175.537109, 1208.984375
-34.912109, -169.677734, 1213.867188
-88.134766, -110.107422, 1059.570312
-,-,-
-63.720703, 16.601562, 752.929688
-72.509766, 8.789062, 827.148438
-84.716797, -2.685547, 908.203125
-181.396484, -34.912109, 894.042969
-52.490234, 29.296875, 1066.894531
-114.990234, -80.810547, 1159.179688
-138.427734, -141.357422, 1262.695312
-115.966797, -69.091797, 1247.070312
-123.779297, -151.123047, 1191.894531
-36.865234, -104.248047, 1209.960938
-59.326172, -158.935547, 1204.101562
-128.173828, -109.130859, 1205.078125
-,-,-
-116.455078, -36.865234, 771.484375
6.347656, -28.076172, 745.117188
-125.244141, 15.625000, 783.203125
-98.876953, -171.630859, 813.476562
-63.720703, 52.734375, 1096.679688
-191.650391, -194.091797, 1101.562500
-90.087891, -181.396484, 1241.210938
-93.994141, -157.958984, 1302.734375
-139.892578, -228.271484, 1179.687500
-30.029297, -174.560547, 1156.738281
-71.533203, -190.185547, 1110.351562
-64.697266, -192.138672, 1103.515625
-36.376953, -105.224609, 1104.492188
-,-,-
-50.048828, 67.382812, 593.750000
-140.380859, 0.976562, 750.000000
-101.318359, -40.771484, 704.101562
-138.427734, -84.716797, 948.242188
-282.958984, -172.607422, 1032.226562
-70.556641, -141.357422, 1237.792969
-117.431641, -125.732422, 1363.769531
-54.443359, -140.380859, 1256.835938
10.253906, -124.267578, 1220.703125
-32.470703, -117.919922, 1144.531250
-41.748047, -135.498047, 1083.007812
-,-,-
-37.353516, 22.460938, 812.011719
-115.966797, -0.732422, 750.976562
-84.716797, 3.906250, 780.273438
-19.287109, -1.708984, 912.109375
-199.462891, -185.302734, 1129.882812
-139.404297, -177.490234, 1303.710938
-132.568359, -200.927734, 1273.437500
-0.732422, -119.873047, 1324.218750
-424.560547, -693.115234, 1999.755859
-86.181641, -56.396484, 1160.156250
51.757812, -117.919922, 1186.035156
-82.763672, -97.412109, 1372.070312
-,-,-
-76.904297, -2.685547, 620.117188
-76.416016, 19.531250, 670.898438
-70.068359, 70.312500, 684.570312
-38.330078, -103.271484, 857.421875
-118.408203, -49.560547, 1057.617188
-11.474609, -87.646484, 1267.578125
-77.392578, -211.669922, 1345.703125
-24.658203, -111.083984, 1371.093750
-21.240234, -129.638672, 1248.046875
-87.646484, -66.162109, 1249.023438
-,-,-
-112.060547, 69.335938, 573.242188
-108.642578, 49.804688, 746.093750
-106.201172, -37.841797, 918.945312
-174.072266, -94.482422, 1109.375000
-73.486328, -142.333984, 1362.792969
-119.384766, -145.263672, 1461.914062
-75.927734, -163.818359, 1258.789062
30.761719, -94.482422, 1263.671875
-80.810547, -73.974609, 1144.531250
-93.994141, -71.044922, 1105.957031
-113.037109, -94.482422, 1233.886719
-,-,-
-43.701172, 11.718750, 580.078125
-118.896484, -13.427734, 711.914062
-16.357422, -60.302734, 817.382812
-150.634766, -103.271484, 1098.632812
-48.095703, -112.060547, 1349.609375
-78.369141, -141.357422, 1454.101562
-307.861328, -862.548828, 1999.755859
-15.869141, -23.193359, 1164.062500
93.750000, -64.208984, 1120.117188
53.710938, -31.982422, 1148.925781
-52.978516, -121.337891, 1227.539062
-,-,-
-0.244141, -4.638672, 531.250000
-144.775391, 38.085938, 766.113281
-54.931641, -32.958984, 832.031250
-138.427734, -61.279297, 1127.929688
-92.041016, -129.638672, 1227.539062
1.464844, -113.037109, 1297.851562
7.324219, -112.060547, 1341.796875
-14.404297, -213.623047, 1198.242188
51.757812, -133.544922, 1135.742188
12.695312, -257.568359, 1386.718750
79.589844, -133.544922, 1091.796875
56.152344, -38.818359, 1073.242188
-49.072266, -145.263672, 1117.187500
-,-,-
-207.763672, 71.289062, 582.031250
-120.849609, -230.224609, 830.078125
-43.701172, -17.333984, 889.160156
-142.333984, -157.958984, 1137.695312
-144.775391, -212.646484, 1154.785156
-149.658203, -141.357422, 1474.609375
-55.419922, -128.662109, 1455.078125
-17.822266, -465.576172, 1999.755859
19.531250, 16.601562, 1037.109375
99.609375, -79.833984, 1058.593750
-96.923828, -85.693359, 1089.843750
-49.072266, -184.326172, 1242.187500
-,-,-
-106.201172, 7.812500, 716.796875
-121.337891, -18.310547, 695.312500
-159.423828, -47.607422, 795.898438
-15.380859, -157.958984, 935.546875
-110.595703, -9.521484, 1097.656250
-136.474609, -246.337891, 1297.851562
-53.955078, -141.357422, 1597.656250
-102.294922, -152.099609, 1485.351562
-88.623047, -68.115234, 1660.644531
8.300781, -97.412109, 1171.875000
-14.892578, -68.115234, 1189.453125
-72.509766, -164.794922, 1278.808594
-,-,-
-99.365234, -23.193359, 753.906250
-25.634766, -48.583984, 711.914062
-87.158203, -56.396484, 716.796875
-30.029297, -79.833984, 968.750000
-151.611328, -205.810547, 1201.660156
-128.662109, -313.232422, 1395.507812
-56.884766, -202.880859, 1398.437500
-102.783203, -252.685547, 1399.414062
69.335938, 64.453125, 1343.750000
-13.427734, -90.576172, 1033.203125
-12.451172, -147.216797, 1112.792969
-116.943359, -253.662109, 1220.703125
-,-,-
13.671875, 83.007812, 656.250000
-61.767578, 90.820312, 496.093750
-72.509766, 42.968750, 497.070312
-49.560547, 53.710938, 497.070312
-132.080078, 32.226562, 621.093750
-30.029297, -21.240234, 1050.781250
-110.595703, -153.076172, 1064.453125
-74.951172, -234.619141, 1421.386719
-87.158203, -265.380859, 1458.984375
-85.693359, -247.314453, 1331.054688
-43.701172, -185.302734, 1301.757812
-75.439453, -237.060547, 1114.257812
-27.099609, -248.779297, 1065.917969
-44.677734, -285.888672, 1166.992188
-48.583984, -288.818359, 1321.777344
-82.275391, -255.615234, 1472.656250
-,-,-
-118.408203, 20.507812, 804.687500
-156.005859, -62.255859, 923.828125
-84.716797, -167.724609, 1079.101562
-111.083984, -113.037109, 1107.910156
-146.240234, -176.513672, 1229.980469
-115.966797, -156.005859, 1367.675781
-177.978516, -174.560547, 1342.773438
-95.947266, -195.068359, 1272.460938
72.753906, -331.787109, 1416.503906
-23.681641, -129.638672, 1042.968750
-9.033203, -166.748047, 1047.851562
-39.306641, -237.060547, 1221.679688
-,-,-
-79.345703, -112.060547, 491.210938
-88.134766, -71.044922, 717.773438
-110.595703, -149.169922, 915.039062
-87.158203, -96.435547, 1125.000000
-161.865234, -263.427734, 1286.621094
-49.072266, -218.505859, 1413.085938
-91.552734, -185.302734, 1391.601562
-108.154297, -210.693359, 1298.828125
-50.048828, -210.693359, 1216.796875
-74.951172, -243.896484, 1072.265625
-73.486328, -312.255859, 1169.921875
-59.326172, -98.388672, 970.703125
-75.927734, -167.724609, 1047.851562
-,-,-
-103.759766, -1.708984, 412.109375
-75.927734, 6.835938, 565.429688
-188.232422, -38.818359, 751.953125
-181.396484, -176.513672, 1003.906250
-215.087891, -129.150391, 1577.636719
-192.138672, -187.255859, 1378.906250
-88.134766, -220.458984, 1346.679688
-175.048828, -180.419922, 1303.710938
-288.818359, -612.548828, 1999.755859
-109.130859, -216.552734, 958.984375
6.347656, -158.935547, 1098.632812
-41.748047, -230.224609, 1250.000000
-136.474609, -267.333984, 1308.593750
-,-,-
-102.783203, -5.615234, 520.507812
-69.091797, -81.787109, 677.734375
-185.791016, -121.337891, 864.257812
-65.673828, -121.337891, 1076.171875
-238.037109, -40.771484, 1208.007812
-190.673828, -22.705078, 922.363281
-26.611328, -44.677734, 1320.800781
-162.841797, -146.240234, 1254.882812
-117.919922, -211.669922, 1234.375000
-33.447266, -174.560547, 1168.945312
-113.037109, -201.904297, 1107.910156
-59.326172, -285.888672, 1185.546875
-73.486328, -267.333984, 1246.093750
-,-,-
-132.568359, 40.039062, 541.992188
-43.701172, 13.671875, 619.140625
-149.169922, -71.044922, 755.859375
-95.947266, -135.498047, 854.980469
-54.931641, -123.291016, 1002.929688
-121.826172, -163.818359, 1206.542969
51.757812, -364.990234, 1354.492188
-82.275391, -281.982422, 1384.765625
2.441406, -365.966797, 1311.523438
35.644531, -310.302734, 1247.070312
-1.708984, -266.357422, 1463.867188
23.925781, -228.271484, 1075.195312
6.347656, -163.818359, 1128.906250
-3.662109, -216.552734, 1211.914062
-,-,-
-129.150391, -20.263672, 694.335938
-56.396484, 5.859375, 720.703125
-79.345703, -56.396484, 804.687500
-32.958984, -105.224609, 1045.898438
-128.173828, -99.365234, 1172.851562
-70.068359, -216.552734, 1343.750000
-15.869141, -206.787109, 1341.796875
-78.857422, -214.599609, 1308.593750
-2.685547, -237.060547, 1220.703125
68.359375, 98.632812, 876.953125
30.761719, -150.146484, 1013.671875
36.132812, -162.841797, 1210.937500
-,-,-
-73.486328, 133.789062, 447.265625
-136.474609, -83.740234, 451.171875
-126.220703, -82.763672, 587.890625
-94.482422, -116.455078, 961.914062
-260.986328, -223.388672, 956.054688
-133.056641, -199.951172, 1242.675781
-308.837891, -361.083984, 1457.031250
-120.849609, -369.384766, 1497.070312
-143.310547, -270.263672, 1416.015625
-159.423828, -250.732422, 1252.929688
-61.279297, -169.677734, 1250.000000
-,-,-
-77.392578, 166.992188, 229.492188
-150.146484, 56.640625, 365.234375
-235.107422, -125.732422, 608.398438
-223.388672, -164.794922, 950.195312
-382.080078, -281.982422, 1322.753906
-309.814453, -345.458984, 1559.570312
-236.572266, -194.091797, 1467.773438
-244.384766, -98.388672, 1483.398438
-233.154297, -150.146484, 1354.492188
-120.361328, -154.052734, 1065.917969
-,-,-
-23.681641, 88.867188, 193.359375
-164.794922, -11.474609, 386.230469
-90.576172, -281.005859, 705.078125
-294.189453, -344.482422, 1218.750000
-335.205078, -200.927734, 1484.375000
-236.572266, -243.896484, 1597.656250
-227.783203, -126.220703, 1436.523438
-182.861328, -245.361328, 1392.578125
-87.158203, -142.333984, 1037.109375
-18.310547, -261.474609, 1223.632812
-177.490234, -239.990234, 1250.000000
-,-,-
-83.740234, 86.914062, 591.796875
-74.462891, 53.710938, 616.210938
-96.923828, 12.695312, 670.898438
-149.169922, -102.294922, 740.234375
-85.693359, -166.748047, 958.984375
-209.716797, -265.380859, 1090.820312
-89.599609, -180.419922, 1334.960938
-136.474609, -280.029297, 1393.554688
-161.865234, -261.474609, 1343.750000
-89.111328, -245.849609, 1255.859375
-66.162109, -230.224609, 1166.015625
-,-,-
-87.158203, 110.351562, 525.390625
-87.646484, 54.687500, 543.945312
-90.576172, -2.197266, 587.890625
-123.779297, -43.701172, 724.121094
-121.337891, -149.169922, 822.265625
-146.240234, -160.888672, 1065.917969
-214.111328, -229.248047, 1186.523438
-193.603516, -278.076172, 1313.476562
-187.255859, -284.912109, 1336.914062
-184.814453, -308.349609, 1154.296875
-127.197266, -229.248047, 1146.484375
-118.896484, -289.794922, 1102.539062
-122.802734, -421.630859, 1374.023438
-39.794922, -263.427734, 1140.625000
-,-,-
-91.552734, 49.804688, 578.125000
-71.044922, -55.419922, 698.242188
-102.294922, -105.224609, 791.015625
-70.556641, -176.513672, 967.773438
-33.935547, -224.365234, 1112.304688
-63.720703, -293.701172, 1297.851562
-33.935547, -321.044922, 1419.921875
-46.142578, -283.935547, 1332.031250
-60.302734, -316.162109, 1268.554688
-162.841797, -337.646484, 1999.755859
-74.462891, -231.201172, 1192.871094
-,-,-
-27.099609, 95.703125, 529.296875
-9.033203, 55.664062, 556.152344
-83.740234, 8.789062, 741.210938
-100.341797, -31.982422, 754.882812
-156.494141, -155.029297, 970.703125
-183.837891, -134.521484, 1130.859375
-195.068359, -261.474609, 1308.593750
-105.224609, -177.490234, 1321.777344
-183.837891, -182.373047, 1349.609375
-315.185547, -351.318359, 1999.755859
-147.216797, -99.365234, 1151.855469
16.113281, -280.029297, 1140.625000
-51.513672, -231.201172, 1266.601562
-,-,-
-56.884766, 91.796875, 541.992188
-112.060547, -30.029297, 555.175781
-55.908203, -18.310547, 658.203125
-167.724609, -56.396484, 957.031250
-27.099609, -99.365234, 1753.417969
-203.857422, -184.326172, 1433.593750
-153.076172, -221.435547, 1379.882812
-102.783203, -195.068359, 1342.773438
-115.966797, -204.833984, 1107.910156
-66.650391, -181.396484, 989.257812
-239.501953, -395.263672, 1410.644531
-140.380859, -170.654297, 995.117188
-60.302734, -160.888672, 1100.585938
-32.470703, -279.052734, 1217.773438
-,-,-
-96.923828, 39.062500, 725.097656
-183.837891, -114.990234, 900.390625
-34.423828, -125.732422, 898.437500
-375.244141, -207.763672, 994.628906
-142.822266, -216.552734, 1081.054688
-190.673828, -215.576172, 1214.843750
-194.091797, -238.037109, 1356.445312
-45.654297, -246.337891, 1296.875000
-41.259766, -480.712891, 1437.011719
-19.775391, -60.302734, 970.703125
31.738281, -107.177734, 1084.960938
-42.236328, -264.404297, 1283.691406
-,-,-
2.441406, -2.685547, 718.261719
-54.931641, -12.451172, 685.546875
10.253906, -84.716797, 864.257812
-99.365234, -95.458984, 973.632812
-123.779297, -132.568359, 998.046875
8.300781, -188.232422, 1170.898438
-139.404297, -210.693359, 1323.730469
16.601562, -255.615234, 1346.679688
52.734375, -245.361328, 1186.523438
18.066406, -241.943359, 1172.851562
227.539062, -280.029297, 1324.707031
51.757812, -181.396484, 1079.101562
44.921875, -212.646484, 1218.750000
-,-,-
-10.986328, -9.521484, 400.390625
-62.744141, -43.701172, 517.578125
-0.732422, -127.685547, 762.695312
-69.091797, -220.458984, 1056.640625
-77.392578, -391.357422, 1302.734375
-46.630859, -328.857422, 1475.585938
-52.001953, -326.904297, 1373.046875
-46.630859, -276.123047, 1330.078125
111.816406, -114.501953, 1000.976562
77.148438, -149.169922, 990.234375
90.820312, -215.576172, 1207.031250
-33.935547, -300.537109, 1304.687500
-,-,-
-89.599609, -9.521484, 397.460938
-27.587891, 19.531250, 579.101562
25.390625, -114.990234, 689.453125
-70.556641, -178.466797, 986.816406
-75.439453, -493.408203, 1017.578125
-0.244141, -300.537109, 1396.972656
73.242188, -355.224609, 1512.695312
117.675781, -301.513672, 1392.578125
145.019531, -438.232422, 1955.078125
19.531250, -154.052734, 970.703125
133.789062, -241.943359, 1126.953125
-,-,-
-59.326172, -77.880859, 539.062500
-84.716797, -115.966797, 775.390625
-32.958984, -281.005859, 1002.929688
-125.732422, -311.279297, 1346.679688
-114.990234, -355.224609, 1313.476562
-71.044922, -354.248047, 1433.593750
-76.904297, -1214.111328, 1999.755859
-28.076172, -223.388672, 975.097656
145.019531, -193.115234, 1137.695312
56.152344, -293.701172, 1229.492188
-,-,-
-107.177734, -142.333984, 650.390625
-77.880859, -19.287109, 865.234375
-58.349609, -252.197266, 1020.019531
-37.841797, -255.615234, 1144.531250
-28.076172, -217.529297, 1359.863281
20.507812, -291.748047, 1332.031250
6.347656, -303.466797, 1253.906250
19.531250, -571.044922, 1617.675781
69.335938, -193.115234, 1186.523438
40.039062, -266.357422, 1352.539062
-,-,-
-56.884766, 52.734375, 757.812500
-24.658203, -72.998047, 678.710938
-17.822266, -48.583984, 646.484375
-95.947266, -124.755859, 662.109375
11.718750, -248.291016, 801.757812
-120.849609, -301.513672, 901.855469
-56.396484, -360.107422, 1319.335938
18.554688, -422.607422, 1416.015625
-47.119141, -351.318359, 1382.812500
-26.611328, -341.552734, 1250.000000
21.484375, -315.185547, 1204.101562
-13.427734, -317.138672, 1165.039062
-40.283203, -328.857422, 1133.789062
-,-,-
-101.318359, 39.062500, 630.371094
-94.970703, 117.187500, 599.121094
-69.091797, -23.193359, 674.804688
-99.365234, -47.607422, 795.898438
-35.400391, -157.958984, 1037.109375
-217.041016, -268.310547, 1074.218750
-32.470703, -181.396484, 1293.945312
-37.353516, -250.732422, 1358.398438
2.929688, -156.982422, 1322.753906
11.718750, -154.052734, 1187.500000
-7.568359, -180.419922, 1160.156250
-8.056641, -221.435547, 1233.886719
-35.888672, -253.662109, 1367.187500
-,-,-
-39.306641, 52.734375, 615.234375
-20.263672, 23.437500, 670.898438
-11.474609, -68.115234, 788.085938
-63.232422, -137.451172, 1044.921875
-44.677734, -262.451172, 1213.867188
-31.982422, -272.216797, 1339.843750
-44.677734, -281.982422, 1361.328125
-2.685547, -228.271484, 1237.304688
37.597656, -192.138672, 1161.132812
-54.443359, -301.513672, 1622.558594
22.949219, -84.716797, 1117.187500
-39.306641, -136.474609, 1259.765625
-,-,-
-16.845703, 173.828125, 622.070312
-75.927734, 100.585938, 713.867188
-43.701172, 11.718750, 760.742188
-48.095703, -42.724609, 882.812500
-99.365234, -153.076172, 1080.078125
-83.740234, -215.576172, 1237.792969
-48.095703, -190.185547, 1292.968750
-23.681641, -224.365234, 1372.070312
17.578125, -215.576172, 1337.890625
95.214844, -175.537109, 997.070312
-13.427734, 25.390625, 995.117188
3.906250, -24.169922, 1001.953125
-81.298828, -183.349609, 1244.140625
-,-,-
-72.509766, 33.203125, 741.210938
-73.486328, 61.523438, 877.929688
-20.263672, -18.310547, 977.539062
-73.974609, -85.693359, 993.164062
7.324219, -111.083984, 1148.925781
-79.345703, -254.638672, 1278.808594
-19.287109, -192.138672, 1238.281250
0.976562, -180.419922, 1268.554688
-52.978516, -201.904297, 1229.492188
-23.681641, -223.388672, 1171.875000
-10.009766, -183.349609, 1179.687500
-19.287109, -76.904297, 1061.523438
-38.330078, -155.029297, 1210.937500
-,-,-
2.441406, 37.109375, 755.859375
-13.427734, 3.906250, 828.125000
1.953125, -46.630859, 868.164062
47.363281, -127.685547, 902.343750
48.339844, -151.611328, 1125.488281
117.675781, -219.482422, 1264.648438
31.738281, -224.365234, 1310.546875
123.535156, -245.849609, 1275.390625
87.890625, -209.716797, 1221.679688
4.882812, -214.599609, 1192.871094
98.144531, -234.130859, 1360.839844
1.464844, -100.341797, 1206.054688
17.089844, -192.138672, 1330.078125
-,-,-
-16.845703, 32.226562, 840.820312
24.414062, -21.240234, 811.035156
-41.748047, -70.068359, 927.734375
-12.451172, -171.630859, 962.890625
59.082031, -175.537109, 1180.664062
-92.041016, -180.419922, 1248.046875
6.347656, -295.654297, 1305.664062
-32.470703, -247.314453, 1327.148438
5.371094, -410.888672, 1999.755859
64.941406, -70.068359, 1068.847656
27.343750, -93.505859, 1101.562500
-46.630859, -167.724609, 1213.867188
-,-,-
-19.287109, -21.240234, 689.453125
-59.326172, -21.240234, 735.351562
34.667969, -116.943359, 654.296875
-65.185547, -92.529297, 916.992188
-135.986328, -270.263672, 947.753906
-48.583984, -230.224609, 1327.148438
-73.974609, -288.818359, 1296.875000
-41.748047, -288.818359, 1348.632812
-78.369141, -385.498047, 1999.755859
36.132812, -234.130859, 1177.734375
6.347656, -138.427734, 1135.742188
-,-,-
-8.056641, 104.492188, 674.804688
-81.787109, -27.099609, 822.265625
9.277344, -43.701172, 831.054688
-34.912109, -45.654297, 976.074219
-68.115234, -154.052734, 1042.968750
-4.638672, -244.873047, 1188.476562
-44.677734, -165.771484, 1228.515625
-12.451172, -168.701172, 1223.632812
2.441406, -175.537109, 1150.878906
35.644531, -147.216797, 1096.679688
56.152344, -371.337891, 1999.755859
161.132812, -190.185547, 1026.367188
-,-,-
-47.119141, 72.265625, 822.265625
-42.724609, 38.085938, 817.382812
24.414062, 32.226562, 970.703125
-53.466797, 0.488281, 1117.187500
-28.564453, -126.708984, 1245.117188
2.441406, -132.568359, 1269.531250
-19.287109, -185.302734, 1196.289062
20.507812, -172.607422, 1188.964844
-5.126953, -133.544922, 1081.054688
12.695312, -133.544922, 1316.894531
-5.615234, -161.865234, 1158.203125
52.734375, -162.841797, 1011.718750
-,-,-
-89.111328, -22.216797, 812.988281
-15.380859, -50.537109, 908.203125
-16.357422, -118.896484, 1083.984375
-16.845703, -186.279297, 1273.925781
-20.263672, -232.177734, 1339.843750
-0.244141, -199.951172, 1365.722656
7.812500, -242.919922, 1322.753906
57.617188, -232.177734, 1148.925781
-22.705078, -183.349609, 1848.632812
63.964844, -129.638672, 963.867188
71.289062, -118.408203, 988.281250
71.777344, -191.162109, 1033.203125
-,-,-
-72.509766, 113.281250, 490.234375
-75.439453, 94.726562, 414.062500
-42.724609, 22.460938, 452.148438
-46.630859, -53.466797, 653.320312
-31.005859, -67.138672, 957.031250
-126.708984, -224.365234, 1227.539062
6.835938, -200.927734, 1431.640625
-9.521484, -217.529297, 1556.640625
-71.533203, -200.927734, 1261.718750
71.289062, -130.615234, 1303.710938
-6.103516, -84.716797, 1107.910156
-18.310547, -134.521484, 987.304688
62.011719, -268.310547, 1467.773438
-31.005859, -224.365234, 1025.878906
-,-,-
-46.630859, 51.757812, 711.914062
-58.349609, -21.240234, 606.445312
-10.498047, 0.000000, 676.757812
-52.978516, -112.060547, 784.179688
34.667969, -159.912109, 907.226562
-10.009766, -226.318359, 1202.148438
54.687500, -321.044922, 1268.554688
50.781250, -339.599609, 1514.648438
-32.470703, -321.044922, 1415.039062
49.316406, -312.255859, 1216.796875
63.964844, -386.474609, 1816.406250
46.386719, -207.763672, 1098.632812
78.613281, -110.107422, 982.910156
-,-,-
-79.345703, 96.679688, 544.921875
-79.345703, 78.125000, 560.546875
-15.380859, 111.328125, 539.062500
-65.673828, 56.640625, 750.976562
-34.912109, -40.771484, 913.085938
-54.931641, -140.380859, 1177.734375
2.929688, -163.818359, 1200.195312
-10.009766, -291.748047, 1400.390625
-52.978516, -229.248047, 1469.726562
-6.591797, -203.857422, 1355.468750
-50.537109, -194.091797, 1319.824219
50.781250, -222.412109, 1442.382812
41.015625, -112.060547, 1018.066406
-,-,-
-31.982422, 58.593750, 594.238281
-58.349609, 79.101562, 642.578125
68.359375, 11.718750, 656.250000
-43.701172, -9.521484, 809.082031
40.039062, -92.529297, 880.859375
83.984375, -77.880859, 1027.343750
-19.287109, -182.373047, 1138.671875
85.449219, -247.314453, 1290.039062
19.042969, -250.732422, 1392.578125
17.578125, -249.755859, 1227.539062
93.261719, -224.365234, 1297.851562
33.203125, -213.623047, 1242.675781
36.132812, -266.357422, 1028.320312
58.593750, -193.115234, 1071.289062
8.300781, -194.091797, 1298.828125
-,-,-
-22.216797, 20.507812, 638.183594
-54.931641, -66.162109, 655.273438
-74.951172, -2.685547, 841.796875
11.718750, -14.404297, 942.382812
-29.541016, -104.248047, 1163.085938
-32.958984, -111.083984, 1163.085938
62.011719, 22.460938, 1252.441406
-30.517578, -93.505859, 1279.785156
45.898438, -221.435547, 1304.687500
16.113281, -118.408203, 1297.851562
-7.568359, -204.833984, 1141.601562
70.800781, -167.724609, 1707.519531
8.789062, -102.294922, 968.750000
25.878906, -82.763672, 1009.765625
82.031250, -149.169922, 1057.617188
-,-,-
-124.755859, 4.394531, 778.320312
-134.521484, -91.552734, 884.765625
-114.013672, -80.810547, 1066.894531
-161.865234, -90.576172, 1059.082031
-114.990234, -119.384766, 688.964844
-86.669922, -271.240234, 1337.890625
-140.380859, -270.263672, 1259.765625
-30.029297, -296.630859, 1367.675781
-85.693359, -318.115234, 1252.929688
-23.681641, -355.224609, 1224.609375
-9.521484, -210.693359, 1014.648438
-20.263672, -173.583984, 1008.789062
-47.119141, -249.267578, 1151.855469
-,-,-
-50.048828, 142.578125, 524.414062
-61.767578, 101.562500, 638.183594
-68.115234, 38.085938, 694.335938
-76.904297, -55.419922, 982.421875
-48.095703, -118.896484, 1077.148438
5.371094, -97.412109, 1203.125000
-31.005859, -230.224609, 1430.664062
-29.052734, -150.146484, 1307.617188
35.644531, -132.568359, 1384.765625
-23.193359, -133.544922, 1266.601562
-39.306641, -78.857422, 1535.644531
49.804688, -140.380859, 925.781250
62.011719, -94.482422, 1095.703125
-,-,-
-1.708984, -46.630859, 754.882812
-36.865234, 2.441406, 753.906250
-81.298828, -48.583984, 648.437500
13.183594, -46.630859, 688.476562
-101.806641, -24.169922, 949.218750
-17.822266, -150.146484, 1123.046875
-53.466797, -94.482422, 1415.039062
-72.998047, -206.787109, 1357.421875
64.941406, -206.787109, 1304.687500
62.011719, -668.701172, 1999.755859
22.460938, -118.896484, 1028.320312
41.992188, -73.974609, 802.734375
20.507812, -216.552734, 1142.578125
-,-,-
-45.654297, 130.859375, 557.617188
-75.927734, 48.828125, 625.000000
-23.681641, -4.638672, 720.214844
-139.404297, -50.537109, 970.703125
-87.158203, -116.943359, 1062.988281
-106.201172, -58.349609, 1226.562500
-133.544922, -184.326172, 1251.953125
-69.091797, -144.287109, 1262.695312
0.000000, -117.919922, 1381.835938
-60.302734, -182.373047, 1267.578125
20.996094, -204.833984, 1075.195312
12.695312, -116.943359, 1037.109375
66.406250, -197.998047, 895.019531
62.011719, -126.220703, 998.046875
41.015625, -168.701172, 1020.996094
-,-,-
41.992188, 88.867188, 655.273438
-70.068359, 106.445312, 825.195312
29.785156, 56.640625, 927.734375
-35.888672, 85.937500, 1218.750000
-118.408203, 5.859375, 1335.937500
33.203125, 59.570312, 1379.882812
-81.298828, 83.007812, 1409.667969
-58.349609, -42.724609, 1170.898438
37.597656, 11.718750, 1204.101562
-465.576172, 725.585938, 1999.755859
18.066406, -46.630859, 833.007812
25.390625, 130.859375, 951.171875
-29.052734, -65.185547, 1086.914062
47.363281, -33.935547, 1032.226562
2.929688, -8.544922, 1083.984375
-,-,-
-7.568359, 105.468750, 645.507812
17.089844, 123.046875, 468.261719
-8.056641, 67.382812, 455.078125
-10.986328, 84.960938, 594.238281
35.156250, 4.882812, 826.171875
-104.736328, -65.185547, 993.164062
-43.212891, -50.537109, 1379.882812
-72.509766, -117.919922, 1588.867188
-96.923828, -67.138672, 1479.492188
-90.576172, -90.576172, 1352.539062
201.171875, -223.388672, 1483.886719
74.218750, -59.326172, 1055.664062
-,-,-
-49.072266, 43.945312, 751.953125
-74.462891, -6.591797, 742.187500
-32.470703, -32.958984, 884.765625
-114.013672, -121.826172, 1096.679688
-135.009766, -167.724609, 1329.101562
-101.318359, -130.615234, 1335.937500
-168.701172, -152.099609, 1271.484375
112.304688, -132.080078, 1220.214844
30.761719, -72.998047, 1036.132812
-,-,-
-75.927734, 226.562500, 485.351562
38.574219, 65.429688, 389.648438
-64.697266, 44.921875, 548.828125
-73.974609, -97.412109, 789.062500
-101.806641, -155.029297, 995.117188
-165.771484, -24.169922, 1040.039062
-132.568359, -283.935547, 1367.675781
-259.033203, -101.318359, 1435.546875
-168.212891, -174.560547, 1264.648438
-93.505859, -148.193359, 1194.824219
-207.763672, -66.162109, 1211.914062
-,-,-
14.648438, 190.429688, 227.539062
-129.150391, 87.890625, 490.234375
-86.181641, -61.279297, 660.156250
-128.173828, -275.146484, 1062.011719
-203.857422, -224.365234, 1180.175781
-67.138672, -361.572266, 1349.609375
-174.072266, -269.287109, 1475.585938
-127.197266, -261.474609, 1356.445312
-72.509766, -301.513672, 1690.429688
-25.146484, -216.552734, 1068.359375
-,-,-
-103.271484, 161.132812, 461.914062
-89.599609, 73.242188, 436.523438
-48.095703, 27.343750, 408.203125
-137.939453, -40.771484, 777.343750
-114.990234, -114.013672, 908.203125
-69.580078, -174.560547, 1356.445312
-108.642578, -176.513672, 1422.851562
-55.908203, -155.029297, 1485.351562
-21.240234, -50.537109, 1398.437500
-30.517578, -113.037109, 1207.031250
18.554688, -105.224609, 1082.031250
27.343750, -156.005859, 1441.894531
-20.263672, -108.154297, 981.445312
71.777344, -176.513672, 1138.671875
-,-,-
-106.201172, 192.382812, 230.468750
-103.759766, 220.703125, 134.765625
-91.552734, 54.687500, 383.300781
-159.423828, -9.521484, 653.320312
-49.072266, -94.482422, 1026.855469
-136.962891, -168.701172, 1268.554688
-14.404297, -32.958984, 1596.679688
-85.693359, -135.498047, 1581.054688
-131.591797, -64.208984, 1864.257812
118.652344, -58.349609, 1208.007812
206.542969, -116.943359, 970.703125
146.484375, -114.013672, 1000.976562
39.062500, -69.091797, 935.058594
-,-,-
-109.619141, 137.695312, 353.515625
-139.404297, 53.710938, 312.500000
-127.197266, -13.427734, 586.914062
-87.158203, -125.244141, 840.820312
-236.572266, -105.224609, 1162.109375
-143.798828, -72.021484, 1442.382812
-148.681641, -167.724609, 1529.785156
-8.056641, -119.873047, 1508.789062
-80.322266, -155.029297, 1355.468750
-63.720703, -123.291016, 1162.109375
36.621094, -137.451172, 1064.941406
-72.509766, -141.357422, 1014.648438
-46.630859, -162.841797, 987.304688
-36.865234, -154.052734, 992.187500
-49.072266, -156.982422, 979.003906
-138.427734, -50.537109, 901.367188
-,-,-
-45.654297, 263.671875, 111.328125
-102.294922, 186.523438, 105.468750
-171.630859, 46.875000, 338.378906
-115.966797, -103.271484, 457.031250
-141.357422, -242.919922, 1039.062500
-183.837891, -344.482422, 1343.750000
-202.880859, -382.568359, 1779.296875
-133.544922, -266.357422, 1586.914062
-59.326172, -215.576172, 1409.179688
-88.134766, -193.115234, 1380.859375
-83.740234, -80.810547, 939.941406
172.363281, -121.337891, 1117.675781
28.320312, -176.513672, 1051.757812
-,-,-
-90.087891, 145.507812, 685.546875
-110.595703, 53.710938, 559.570312
-108.642578, 72.265625, 619.140625
-128.662109, 34.179688, 581.054688
-214.599609, -31.982422, 668.945312
-163.818359, -9.521484, 882.812500
-281.982422, -148.193359, 970.703125
-166.259766, -67.138672, 1202.636719
-257.568359, -241.943359, 1294.921875
-159.423828, -248.291016, 1351.562500
-113.525391, -197.998047, 1287.109375
-156.005859, -241.943359, 1205.078125
71.777344, -239.501953, 1999.755859
-106.201172, -168.701172, 1092.773438
27.832031, -171.630859, 1093.750000
-,-,-
-96.435547, 164.062500, 465.332031
-18.798828, 204.101562, 368.164062
-68.115234, 186.523438, 343.750000
-105.224609, 134.765625, 583.007812
-85.693359, 48.828125, 770.507812
-157.958984, 42.968750, 1028.320312
-131.591797, -14.404297, 1213.867188
-102.294922, 3.906250, 1369.140625
-150.634766, -82.763672, 1507.812500
-165.283203, 7.812500, 1417.968750
-76.904297, 49.804688, 1371.093750
-145.263672, -24.169922, 1263.671875
-63.720703, -30.029297, 1142.578125
-20.263672, -71.044922, 1008.789062
-64.697266, -111.083984, 990.234375
-80.322266, -54.443359, 1131.835938
-97.412109, -48.583984, 1047.851562
-,-,-
-56.396484, 148.437500, 294.433594
-0.244141, 70.312500, 326.171875
-122.802734, 126.953125, 673.828125
-181.396484, -56.396484, 926.757812
-61.279297, -31.005859, 1177.734375
-201.904297, -108.154297, 1351.562500
-96.435547, -104.248047, 1440.429688
-157.958984, -112.060547, 1419.921875
-123.779297, -117.919922, 1267.578125
-60.302734, -127.685547, 1144.042969
-58.349609, -129.638672, 1066.894531
-77.880859, -139.404297, 1079.101562
-63.720703, -131.591797, 1488.769531
9.277344, -192.138672, 1132.812500
65.429688, -262.451172, 1011.718750
35.156250, -191.162109, 983.398438
-31.005859, -167.724609, 965.820312
-15.869141, -170.654297, 1056.640625
-,-,-
-105.224609, 73.242188, 679.687500
-138.916016, 62.500000, 819.335938
-118.896484, 85.937500, 930.664062
-254.150391, 28.320312, 1073.242188
-47.607422, 94.726562, 1138.671875
-162.841797, 15.625000, 1101.562500
-88.134766, 29.296875, 1228.515625
-93.017578, 50.781250, 1280.761719
-190.673828, 47.851562, 1237.792969
-39.306641, -8.544922, 1266.601562
-103.759766, 32.226562, 1225.585938
-68.115234, 0.488281, 1196.289062
38.574219, -53.466797, 1124.023438
3.906250, -22.216797, 1030.273438
38.574219, -46.630859, 996.093750
2.929688, -56.396484, 972.656250
5.859375, -61.279297, 992.187500
5.859375, -62.255859, 997.070312
1.464844, -56.396484, 1028.320312
-32.470703, -107.177734, 1084.960938
-,-,-
-76.904297, 114.257812, 519.531250
-105.224609, 89.843750, 573.242188
-40.771484, 84.960938, 678.710938
-163.818359, 64.453125, 854.980469
-168.701172, -21.240234, 1073.242188
-158.447266, -18.310547, 1156.250000
-170.166016, -79.833984, 1335.937500
-76.904297, -123.779297, 1312.500000
-117.431641, -87.646484, 1271.484375
-75.439453, -88.623047, 1271.484375
-100.341797, -54.443359, 1162.109375
-124.755859, -73.974609, 1046.875000
-63.232422, -90.576172, 1017.578125
-37.353516, -174.560547, 1132.812500
-34.423828, -136.474609, 1102.050781
7.324219, -152.099609, 1010.742188
-22.705078, -108.154297, 971.679688
-85.693359, -109.130859, 1025.878906
-9.521484, -250.732422, 1150.878906
-,-,-
-58.349609, 77.148438, 602.539062
-125.732422, 0.488281, 657.226562
-55.908203, 79.101562, 686.523438
-210.693359, 96.679688, 917.968750
-96.435547, -18.310547, 1021.972656
-156.494141, 171.875000, 1303.710938
-167.236328, -26.123047, 1342.773438
-12.939453, -22.216797, 1439.453125
-76.904297, -10.498047, 1332.031250
-31.494141, -68.115234, 1184.570312
-12.451172, -21.240234, 1062.011719
16.601562, -90.576172, 968.750000
71.777344, -95.458984, 1095.703125
17.578125, -72.021484, 1039.062500
-3.662109, -52.490234, 1045.898438
-25.634766, -58.349609, 1013.671875
-,-,-
-106.689453, 73.242188, 546.875000
-94.970703, 147.460938, 338.378906
-41.259766, 191.406250, 377.929688
-79.345703, 176.757812, 570.312500
-196.044922, 105.468750, 895.019531
-147.216797, 2.929688, 1125.000000
-137.939453, -3.173828, 1919.921875
-35.888672, -21.240234, 1399.414062
-97.412109, 0.976562, 1320.800781
-90.576172, -50.537109, 1376.953125
-28.076172, -64.208984, 1225.585938
-44.677734, -70.068359, 1088.867188
-5.126953, -52.490234, 1095.703125
-129.638672, -196.044922, 1344.726562
54.687500, -12.451172, 956.054688
6.347656, -48.583984, 967.773438
-33.447266, -127.685547, 1066.894531
-,-,-
-53.955078, 149.414062, 588.867188
2.441406, 129.882812, 561.523438
-62.255859, 126.953125, 681.152344
-40.771484, -1.708984, 788.085938
-69.091797, 52.734375, 973.632812
-102.783203, -60.302734, 1199.707031
-145.263672, -89.111328, 1284.179688
-112.060547, -72.998047, 1389.648438
-33.447266, -105.224609, 1351.562500
-0.244141, -30.029297, 1271.484375
-52.001953, -70.068359, 1124.023438
24.902344, -11.474609, 1288.574219
-124.267578, -235.107422, 1364.746094
146.484375, -90.576172, 1037.109375
59.570312, -76.904297, 947.265625
8.300781, -111.083984, 1099.609375
-6.103516, -159.912109, 1137.695312
-,-,-
-61.767578, 103.515625, 515.625000
-121.826172, 110.351562, 502.929688
-114.990234, -33.935547, 753.906250
-43.701172, -2.685547, 782.226562
-188.720703, -72.998047, 930.664062
-77.392578, -116.943359, 1114.257812
-63.232422, 48.828125, 834.960938
-138.427734, -197.021484, 1299.804688
-107.177734, -192.138672, 1390.625000
-147.216797, -166.748047, 1343.750000
-58.349609, -160.888672, 1107.910156
-121.826172, -116.943359, 1162.109375
-45.166016, -177.490234, 879.882812
16.113281, -242.919922, 1083.007812
-0.732422, -155.029297, 974.609375
-50.537109, -95.458984, 958.984375
-75.439453, -142.333984, 1007.812500
-,-,-
-102.783203, 121.093750, 348.632812
-127.685547, 125.488281, 333.007812
-33.447266, 81.054688, 457.031250
-150.634766, -45.654297, 656.250000
-118.408203, -112.060547, 922.851562
-154.052734, -227.294922, 1062.988281
-183.837891, -153.076172, 1238.281250
-199.462891, -192.138672, 1214.843750
-194.091797, -164.794922, 1295.898438
-117.431641, -220.458984, 1264.648438
-166.259766, -233.154297, 1202.148438
-84.716797, -171.630859, 1144.042969
-,-,-
-79.345703, 126.464844, 557.617188
-15.380859, 94.726562, 459.960938
-40.283203, 141.601562, 478.515625
-114.990234, 126.953125, 576.171875
-116.943359, 115.234375, 748.046875
-193.115234, 11.718750, 1102.539062
-92.529297, -46.630859, 1261.718750
-192.138672, -50.537109, 1360.351562
-114.990234, -71.044922, 1347.656250
-168.212891, 37.109375, 1387.695312
-130.615234, -0.244141, 1236.816406
-75.439453, 9.765625, 1139.648438
-81.787109, -102.294922, 1078.125000
-92.529297, -45.654297, 1033.203125
-106.201172, -55.419922, 1018.554688
-104.736328, -25.146484, 983.886719
-106.201172, -80.810547, 1001.953125
-,-,-
5.859375, 45.898438, 795.898438
-121.826172, 34.179688, 851.074219
-57.373047, -2.685547, 972.656250
-125.732422, 99.609375, 1085.937500
-155.517578, -52.490234, 1232.421875
-129.150391, 34.179688, 1260.742188
-138.427734, -19.287109, 1356.445312
-82.275391, -4.638672, 1298.828125
-98.388672, 31.250000, 1126.953125
-79.345703, 12.695312, 1157.226562
-68.115234, 1.464844, 1014.648438
-64.697266, -61.279297, 1076.171875
-54.443359, -123.779297, 934.570312
16.113281, -94.482422, 1083.984375
3.417969, -77.880859, 1020.996094
-,-,-
-174.072266, 82.031250, 961.914062
-195.068359, 41.015625, 1132.812500
-74.462891, 64.453125, 1275.878906
-167.236328, -12.451172, 1292.968750
-46.142578, 0.000000, 1370.117188
-65.185547, 16.601562, 1214.843750
-71.533203, -22.216797, 1104.980469
20.019531, -132.568359, 1083.007812
100.097656, -55.419922, 1019.531250
65.917969, -15.380859, 951.171875
21.972656, -79.833984, 1088.867188
0.000000, -71.044922, 1041.992188
-5.615234, -72.998047, 1098.632812
-28.076172, -45.654297, 1273.925781
-,-,-
-101.806641, 140.625000, 689.453125
-41.748047, 39.062500, 731.445312
-93.994141, 154.296875, 812.011719
-110.595703, 84.960938, 904.296875
-186.279297, 26.367188, 1065.917969
-79.345703, -39.794922, 1418.457031
-153.076172, -46.630859, 1484.863281
-51.025391, -125.732422, 1549.804688
-40.771484, -46.630859, 1305.664062
-74.951172, -345.458984, 1660.644531
25.390625, -70.068359, 1136.718750
-16.845703, -102.294922, 1016.601562
-39.794922, -36.865234, 1027.343750
-,-,-
-58.837891, 111.328125, 383.300781
-47.119141, 234.375000, 445.312500
-44.677734, 174.804688, 535.156250
-117.431641, 114.257812, 651.367188
-129.150391, 125.976562, 879.882812
-159.423828, 89.843750, 957.031250
-93.017578, 77.148438, 1196.289062
-93.505859, 66.406250, 1407.714844
-210.693359, 223.632812, 1467.773438
-47.119141, 156.250000, 1423.828125
-119.384766, 74.218750, 1346.679688
-138.427734, 78.125000, 1204.101562
-103.759766, 32.226562, 1064.941406
-89.599609, 46.875000, 999.023438
-66.650391, 26.367188, 1025.390625
-72.509766, 0.488281, 1151.367188
-100.341797, 4.882812, 1050.781250
-,-,-
-59.326172, 166.015625, 586.914062
-116.943359, 160.156250, 765.136719
-148.681641, 194.335938, 948.242188
-146.240234, 134.765625, 1083.984375
-117.919922, 42.968750, 1122.070312
-72.021484, 52.734375, 1152.832031
-125.732422, -11.474609, 1160.156250
-52.978516, 32.226562, 1201.171875
-64.697266, 49.804688, 1264.648438
-89.599609, -6.591797, 1222.656250
-22.705078, -3.662109, 1190.917969
-99.853516, -88.623047, 1505.371094
12.695312, -103.271484, 1119.140625
36.132812, -90.576172, 1120.117188
-,-,-
-76.416016, -55.419922, 674.804688
-14.892578, -40.771484, 734.375000
-89.111328, -78.857422, 931.640625
-51.513672, -163.818359, 1042.968750
-193.115234, -237.060547, 1076.171875
-80.322266, -262.451172, 1266.601562
-115.966797, -313.232422, 1355.468750
-23.193359, -244.384766, 1233.398438
-98.388672, -194.091797, 1178.710938
-39.306641, -279.052734, 1088.867188
-90.576172, -289.794922, 1376.953125
-52.001953, -134.521484, 1126.953125
-84.716797, -95.458984, 1049.804688
-,-,-
-103.759766, -146.240234, 795.898438
-48.095703, -66.162109, 886.718750
-71.533203, -163.818359, 954.101562
-158.447266, -292.724609, 1124.023438
-121.826172, -214.599609, 1209.960938
-130.615234, -279.052734, 1444.335938
-29.052734, -287.841797, 1374.023438
-136.474609, -352.783203, 1727.539062
-1.220703, -225.341797, 1374.023438
-60.791016, -55.419922, 945.312500
-59.326172, -124.267578, 1086.914062
-,-,-
-193.115234, -153.076172, 1148.925781
-258.056641, -39.794922, 1164.062500
-153.076172, -126.220703, 1312.500000
-158.447266, -126.708984, 1275.878906
-296.630859, 34.179688, 1209.960938
137.695312, 66.406250, 978.027344
-34.912109, -123.291016, 1106.445312
-,-,-
-42.724609, 98.632812, 545.898438
-36.865234, 180.664062, 400.390625
-90.576172, 55.664062, 581.054688
-84.716797, 73.242188, 800.781250
-199.462891, -31.005859, 947.265625
-90.576172, 13.671875, 1070.312500
-102.783203, -85.693359, 1298.828125
-156.982422, -192.138672, 1317.871094
-73.486328, -84.716797, 1284.179688
-105.224609, -79.833984, 1266.601562
-116.943359, -98.388672, 1154.296875
-74.951172, -84.716797, 1194.824219
-99.365234, -114.013672, 1087.890625
-168.212891, -198.974609, 1799.804688
-,-,-
-76.904297, 70.312500, 561.523438
-35.888672, -24.169922, 853.515625
-274.169922, -28.076172, 888.671875
-31.494141, -65.185547, 1264.648438
-296.142578, -26.123047, 1459.960938
-135.009766, -159.912109, 1540.039062
-83.740234, -78.857422, 1447.753906
-72.509766, -109.130859, 1192.871094
-67.626953, -99.365234, 1633.300781
-91.552734, -65.185547, 1166.015625
-62.744141, -100.341797, 1219.726562
-,-,-
-69.091797, 78.125000, 633.789062
-72.021484, 151.367188, 594.238281
-87.646484, 173.828125, 781.250000
-213.623047, 65.429688, 867.187500
-111.083984, 74.218750, 1093.750000
-155.029297, -6.591797, 1203.125000
-215.087891, -86.669922, 1293.945312
-121.826172, 5.859375, 1349.609375
-167.724609, -9.521484, 1260.742188
-41.748047, -45.654297, 1174.804688
-63.720703, 7.812500, 1117.187500
-172.607422, 43.945312, 1571.289062
-97.412109, -38.818359, 1062.500000
-,-,-
-111.572266, 64.453125, 567.382812
-55.908203, 83.007812, 638.183594
-61.767578, 69.335938, 726.562500
-153.564453, 34.179688, 845.703125
-59.326172, -16.357422, 1130.859375
-206.298828, -77.880859, 1277.832031
-51.513672, -95.458984, 1512.695312
-130.615234, -107.177734, 1401.367188
-51.513672, -106.201172, 1331.054688
-58.349609, -62.255859, 1259.765625
-89.599609, -87.646484, 1241.210938
-,-,-
-55.419922, 108.398438, 729.492188
-154.052734, 113.281250, 752.929688
-74.951172, 89.843750, 817.382812
-134.033203, 154.296875, 916.015625
-176.025391, -59.326172, 1127.929688
-27.099609, 32.226562, 963.867188
-203.369141, -23.193359, 1347.656250
-117.919922, -81.787109, 1379.882812
-59.326172, -35.888672, 1315.429688
-111.083984, -51.513672, 1243.164062
-92.529297, -54.443359, 1190.917969
-82.763672, -91.552734, 1136.718750
-,-,-
-133.056641, 80.078125, 604.492188
-58.349609, 6.835938, 802.734375
-138.916016, -28.076172, 998.046875
-114.990234, -29.052734, 968.750000
-198.486328, -86.669922, 1111.816406
-12.451172, -60.302734, 902.343750
-116.943359, -125.732422, 1329.101562
-136.474609, -195.068359, 1326.171875
-114.013672, -150.146484, 1253.906250
-156.005859, -168.701172, 1133.789062
-95.947266, -110.107422, 1277.832031
-139.404297, -163.818359, 1070.312500
-,-,-
-41.259766, 9.765625, 621.093750
-35.888672, 75.195312, 575.195312
-62.744141, 150.390625, 416.015625
-61.279297, 162.109375, 519.531250
-163.330078, 153.320312, 625.000000
-64.697266, 89.843750, 758.789062
-172.607422, 75.195312, 970.703125
-202.880859, -2.197266, 1195.800781
-215.087891, -17.333984, 1256.835938
-298.095703, -31.982422, 1409.179688
-168.212891, -68.115234, 1269.531250
-189.208984, -47.607422, 1230.468750
-170.654297, -117.919922, 1180.664062
-119.873047, -85.693359, 1089.843750
-148.681641, -110.107422, 1074.218750
-134.521484, -85.693359, 1128.906250
-,-,-
-196.044922, -50.537109, 589.843750
-90.576172, -5.615234, 505.859375
-77.392578, 96.679688, 796.875000
-210.693359, 31.250000, 950.195312
22.460938, -105.224609, 1214.843750
13.183594, -134.033203, 1929.687500
-16.845703, -170.654297, 1560.546875
-19.287109, -156.005859, 1473.632812
-44.189453, -111.083984, 1265.625000
3.906250, -82.763672, 1125.000000
97.656250, -164.794922, 1153.808594
-8.544922, -88.623047, 1172.851562
-,-,-
-135.009766, 11.718750, 761.718750
-110.595703, -8.544922, 923.828125
-152.099609, -101.318359, 853.027344
-79.345703, -104.248047, 992.187500
-164.306641, -112.548828, 1128.906250
-167.236328, -100.341797, 1481.445312
-119.384766, -78.857422, 1563.476562
-114.990234, -59.326172, 1566.894531
-131.591797, -55.419922, 1121.093750
-11.474609, -49.560547, 1086.914062
-88.134766, -21.240234, 1086.914062
-,-,-
-72.021484, 98.632812, 532.226562
-88.134766, 70.312500, 627.929688
-92.529297, 135.742188, 723.144531
-135.986328, -17.333984, 1062.500000
-131.591797, 0.488281, 1272.460938
-119.384766, -16.357422, 1357.421875
-108.154297, -112.060547, 1358.398438
-53.466797, -116.943359, 1236.816406
-54.931641, -70.068359, 1187.500000
-15.869141, -140.380859, 1076.171875
-12.451172, -100.341797, 1088.867188
-49.560547, -146.240234, 1133.789062
-66.650391, -103.271484, 1187.500000
-,-,-
-28.076172, 180.664062, 740.234375
-139.404297, 194.335938, 757.812500
-171.630859, 106.445312, 964.843750
-136.962891, 134.765625, 1049.804688
-206.298828, -14.404297, 1266.601562
-174.072266, 50.781250, 1283.691406
-142.822266, 5.859375, 1302.734375
-133.544922, -57.373047, 1265.625000
-69.580078, -75.927734, 1176.757812
-91.552734, -94.482422, 1081.054688
-72.021484, -130.615234, 1038.085938
-57.861328, -133.544922, 1083.007812
-81.787109, -197.021484, 1048.828125
-,-,-
-67.138672, 62.500000, 646.484375
-71.533203, 100.585938, 821.289062
-151.611328, -43.701172, 887.695312
-82.763672, -12.451172, 1017.578125
-217.529297, -30.029297, 1135.742188
-102.783203, -110.107422, 1167.968750
-123.779297, -158.935547, 1331.054688
-167.724609, -146.240234, 1331.054688
-75.927734, -145.263672, 1335.937500
-137.939453, -99.365234, 1139.648438
-126.708984, -84.716797, 1177.734375
-92.529297, -116.943359, 1261.718750
-,-,-
-125.732422, 209.960938, 550.781250
-141.357422, 169.921875, 589.843750
-113.037109, 106.445312, 656.250000
-136.962891, 113.281250, 772.460938
-168.701172, 67.382812, 828.125000
-129.150391, 22.460938, 1004.882812
-195.068359, 9.765625, 1102.539062
-138.427734, -39.794922, 1130.859375
-161.865234, -78.857422, 1280.761719
-184.814453, -65.185547, 1251.953125
-120.849609, -91.552734, 1281.738281
-151.611328, -68.115234, 1184.570312
-90.576172, -80.810547, 1056.640625
-112.548828, -84.716797, 1049.804688
-118.408203, -112.060547, 1046.875000
-148.681641, -80.810547, 1127.929688
-,-,-
-51.025391, 88.867188, 655.273438
-16.357422, 105.468750, 671.875000
-72.998047, 101.562500, 730.468750
-122.314453, -38.818359, 775.390625
-105.224609, 33.203125, 924.804688
-151.611328, -56.396484, 944.335938
-93.505859, -175.537109, 989.257812
-152.587891, -158.935547, 1198.242188
-110.595703, -189.208984, 1252.929688
-42.724609, -185.302734, 1281.738281
-125.244141, -215.576172, 1276.855469
-75.927734, -211.669922, 1180.664062
-32.470703, -211.669922, 1245.117188
-21.240234, -231.201172, 1175.781250
-,-,-
-35.888672, 129.882812, 748.046875
-82.763672, 97.656250, 745.117188
-122.802734, 142.578125, 696.289062
-32.470703, 46.875000, 833.984375
-103.759766, 114.257812, 938.964844
-111.572266, 38.085938, 1145.507812
-124.755859, -10.986328, 1177.734375
-115.966797, 20.507812, 1381.835938
-45.654297, 8.789062, 1374.023438
-89.599609, 33.203125, 1275.390625
-124.755859, 27.343750, 1165.039062
-80.322266, 9.765625, 1136.718750
-102.294922, -38.818359, 1326.171875
-13.427734, -91.552734, 1367.187500
-,-,-
-115.966797, 169.921875, 628.906250
-110.595703, 142.578125, 612.304688
-73.486328, 161.132812, 667.968750
-136.474609, 79.101562, 688.476562
-137.451172, 36.132812, 829.101562
-89.111328, 14.648438, 1009.765625
-181.396484, -3.662109, 1126.953125
-106.201172, -70.068359, 1354.492188
-158.447266, -26.123047, 1391.601562
-156.494141, -61.279297, 1334.960938
-50.537109, -54.443359, 1272.460938
-44.677734, -84.716797, 1150.878906
-12.451172, -130.615234, 1152.832031
-26.123047, -184.326172, 1228.515625
-,-,-
-40.771484, 128.906250, 505.859375
-83.740234, 166.015625, 546.875000
-77.392578, 145.507812, 629.882812
-121.826172, 84.960938, 892.089844
-59.326172, -12.451172, 1122.070312
-127.197266, -32.958984, 1208.007812
-11.962891, -191.162109, 1595.703125
-27.099609, -94.482422, 1235.839844
-106.689453, -56.396484, 1261.718750
-38.818359, -134.521484, 1225.585938
-45.654297, -72.998047, 1223.632812
-38.818359, -109.130859, 1190.429688
31.738281, -169.677734, 1211.914062
-,-,-
3.906250, -137.451172, 1020.507812
-43.701172, -63.232422, 895.019531
-44.677734, -42.724609, 713.867188
18.554688, -18.310547, 433.105469
28.808594, 36.132812, 416.015625
-61.279297, 23.437500, 569.335938
-0.732422, -145.263672, 824.218750
-60.302734, -217.529297, 1085.937500
-78.369141, -301.513672, 1170.898438
-63.232422, -266.357422, 1325.195312
-126.220703, -194.091797, 1293.945312
-40.283203, -294.677734, 1158.203125
-111.572266, -193.115234, 1121.093750
-102.294922, -209.716797, 1038.085938
-124.755859, -236.572266, 1820.800781
-29.052734, -210.693359, 1212.890625
1.464844, -223.388672, 1233.886719
-,-,-
-72.509766, 63.476562, 575.195312
-124.755859, -26.123047, 646.484375
-15.869141, -101.318359, 678.710938
-115.966797, -57.373047, 812.011719
-54.931641, -227.294922, 1101.562500
-64.697266, -267.333984, 1188.476562
-132.568359, -202.880859, 1436.035156
-13.427734, -293.701172, 1426.757812
-101.318359, -249.267578, 1345.703125
-87.158203, -216.552734, 1219.726562
-69.091797, -204.833984, 1086.914062
-60.302734, -247.314453, 958.984375
-47.119141, -283.935547, 1073.242188
-83.251953, -291.748047, 1132.812500
-,-,-
-70.068359, 153.320312, 477.539062
-137.451172, 133.789062, 287.109375
-8.056641, -22.216797, 461.914062
-34.423828, -13.427734, 666.015625
-72.509766, -133.544922, 1033.203125
-28.076172, -213.623047, 1291.015625
-69.580078, -252.685547, 1480.468750
-14.892578, -160.888672, 1495.605469
-128.173828, -116.943359, 1357.421875
-32.958984, -156.982422, 1169.921875
-68.115234, -101.318359, 1018.554688
-45.654297, -210.693359, 1135.742188
-29.052734, -251.708984, 1209.960938
-,-,-
-105.224609, 165.039062, 749.023438
-9.033203, 130.859375, 847.656250
-119.384766, 78.125000, 890.625000
-48.583984, 61.523438, 1129.882812
-111.572266, 45.898438, 1281.738281
-202.880859, 51.757812, 1361.816406
-106.201172, 38.085938, 1339.843750
-153.076172, 84.960938, 1313.476562
-102.783203, 38.085938, 1125.000000
-94.970703, 53.710938, 1082.031250
-130.126953, 16.601562, 1061.035156
-201.904297, -32.958984, 1609.375000
-78.369141, -43.701172, 1158.203125
-,-,-
-68.115234, 174.804688, 513.183594
-55.908203, 70.312500, 606.445312
-126.708984, 61.523438, 625.000000
-77.392578, -48.583984, 837.890625
-88.623047, -40.771484, 884.765625
-31.494141, -107.177734, 1125.976562
-33.447266, -89.599609, 1132.812500
-29.052734, -116.943359, 1289.062500
-26.123047, -175.537109, 1339.843750
3.906250, -128.662109, 1259.765625
-58.349609, -131.591797, 1305.664062
-41.748047, -97.412109, 1204.101562
-38.330078, -135.498047, 1115.722656
-47.119141, -206.787109, 1232.910156
-75.927734, -88.623047, 1259.765625
-,-,-
-40.771484, 151.367188, 575.195312
-54.931641, 13.671875, 673.828125
-91.552734, 2.929688, 758.789062
-72.509766, 53.710938, 824.218750
-77.880859, -19.287109, 931.640625
-73.974609, -80.810547, 1070.312500
-116.943359, -33.935547, 1220.703125
-217.529297, -129.638672, 1433.105469
-123.779297, -69.091797, 1330.078125
-136.962891, -88.623047, 1361.328125
-77.880859, -123.291016, 1312.500000
-79.345703, -87.646484, 1298.828125
-,-,-
-32.958984, 80.078125, 496.093750
-74.951172, 105.468750, 562.500000
-26.611328, 41.992188, 670.898438
-55.908203, -8.544922, 842.773438
-67.138672, -87.646484, 1129.882812
-15.869141, -113.037109, 1270.507812
-129.150391, -113.037109, 1302.734375
-31.494141, -146.240234, 1251.953125
-35.400391, -38.818359, 1254.882812
-23.681641, -88.623047, 1305.664062
5.859375, -131.591797, 1344.726562
-49.560547, -103.271484, 1389.648438
-15.869141, -89.599609, 1343.750000
-,-,-
-23.193359, 74.218750, 501.953125
-39.306641, 155.273438, 412.109375
-23.681641, 127.929688, 433.593750
-33.935547, 110.351562, 568.359375
-66.650391, -32.958984, 773.925781
-99.365234, -174.560547, 1044.921875
-110.595703, -110.107422, 1140.625000
-26.123047, -157.958984, 1197.265625
110.839844, 22.949219, 805.664062
77.636719, -145.263672, 1246.093750
-6.591797, -135.498047, 1291.992188
-15.380859, -151.123047, 1255.859375
-50.537109, -89.599609, 1235.839844
0.488281, -86.669922, 1171.875000
-31.005859, -243.896484, 1552.246094
-3.662109, -144.287109, 1152.343750
-21.728516, -174.560547, 1317.871094
-,-,-
-31.494141, 215.820312, 552.246094
1.464844, 15.625000, 779.296875
-47.119141, -24.169922, 818.359375
-30.029297, 19.531250, 992.187500
-61.279297, -41.748047, 1017.578125
-113.037109, -33.935547, 1133.789062
-90.576172, -51.513672, 1250.000000
-92.529297, -45.654297, 1242.187500
-114.013672, -93.505859, 1267.578125
-99.365234, -99.365234, 1265.625000
-135.986328, -47.607422, 1151.367188
-67.626953, -59.326172, 1052.734375
-64.697266, -95.458984, 1149.902344
-120.361328, -118.896484, 1255.859375
-,-,-
4.882812, 162.109375, 708.007812
-11.474609, 99.609375, 725.097656
-58.837891, 102.539062, 702.148438
14.648438, 157.226562, 665.039062
-28.076172, 27.343750, 825.195312
-12.451172, -88.623047, 1020.019531
-1.220703, -106.201172, 1212.890625
-65.673828, -156.982422, 1393.554688
58.593750, -160.888672, 1362.792969
-28.564453, -154.052734, 1238.281250
3.417969, -183.349609, 1357.421875
75.195312, -190.185547, 1402.343750
30.761719, -231.201172, 1377.929688
-,-,-
-152.099609, 166.015625, 702.148438
-114.990234, 208.984375, 745.117188
-167.236328, 191.406250, 703.125000
-137.451172, 156.250000, 836.914062
-143.798828, 4.882812, 1097.656250
-134.033203, -61.279297, 1230.468750
-192.138672, -102.294922, 1509.765625
-138.427734, -88.623047, 1376.953125
-73.974609, -44.677734, 1315.429688
-49.072266, -28.076172, 1125.000000
-15.380859, -84.716797, 1002.929688
-35.888672, -78.857422, 1070.312500
-61.279297, -89.599609, 1045.898438
-90.576172, -106.201172, 1129.882812
-,-,-
-11.474609, 157.226562, 556.640625
-52.490234, 99.609375, 609.375000
-58.837891, -48.583984, 763.183594
-94.970703, -79.833984, 869.140625
-88.134766, -111.083984, 1009.765625
-124.755859, -149.169922, 1082.031250
-130.615234, -175.537109, 1161.132812
-135.009766, -257.568359, 1312.500000
-82.275391, -229.248047, 1331.054688
-141.357422, -236.083984, 1292.968750
-129.150391, -273.193359, 1187.500000
-76.904297, -286.865234, 1228.027344
-,-,-
-10.498047, 160.156250, 590.820312
-116.943359, 71.289062, 561.523438
-54.931641, -80.810547, 717.773438
-148.681641, -78.857422, 929.687500
-160.888672, -161.865234, 1206.054688
-222.900391, -138.916016, 1387.695312
-138.916016, -258.544922, 1483.398438
-104.248047, -205.810547, 1352.539062
-108.154297, -155.029297, 1270.507812
-107.177734, -193.115234, 1207.031250
-76.904297, -317.138672, 1426.757812
-,-,-
-103.759766, 254.882812, 270.507812
-108.154297, 125.000000, 379.882812
-107.177734, -21.240234, 639.648438
-149.658203, -162.841797, 874.023438
-161.865234, -214.599609, 1119.140625
-119.384766, -145.263672, 1145.019531
-139.404297, -167.724609, 1337.890625
-103.759766, -174.560547, 1374.023438
-169.677734, -235.107422, 1388.671875
-90.576172, -225.341797, 1336.914062
-62.744141, -166.748047, 1231.933594
-,-,-
12.695312, 127.929688, 604.492188
-70.068359, 106.445312, 594.238281
-81.787109, 24.414062, 719.726562
-106.201172, 12.695312, 885.742188
-188.720703, -93.505859, 1064.941406
-119.873047, -52.490234, 1142.578125
-207.763672, -54.443359, 1231.933594
-190.673828, -197.998047, 1218.750000
-135.009766, -108.154297, 1306.640625
-158.447266, -169.677734, 1198.242188
-152.099609, -174.560547, 1182.617188
-147.705078, -187.255859, 1250.000000
-,-,-
-25.634766, 152.343750, 497.070312
-70.068359, 43.945312, 574.218750
-76.904297, 12.695312, 700.195312
-67.138672, -44.677734, 875.976562
-110.595703, -154.052734, 1074.218750
-99.365234, -127.685547, 1146.484375
-108.154297, -136.474609, 1350.585938
-163.330078, -191.162109, 1333.984375
-114.013672, -83.740234, 1355.468750
-160.888672, -150.146484, 1388.671875
-,-,-
-19.287109, 35.156250, 615.234375
-26.123047, 86.914062, 623.046875
-75.927734, -43.701172, 816.406250
-54.443359, -132.568359, 930.664062
-64.697266, -129.638672, 1137.695312
-147.216797, -94.482422, 1345.703125
-65.673828, -212.646484, 1335.937500
-93.017578, -89.599609, 1330.078125
-77.392578, -181.396484, 1253.906250
-66.650391, -120.361328, 1180.664062
-53.466797, -114.013672, 1097.656250
-226.318359, -231.201172, 1999.755859
-,-,-
-17.822266, 108.398438, 624.023438
-68.115234, -1.708984, 670.898438
11.718750, 28.320312, 882.812500
-76.904297, -85.693359, 1023.925781
-36.865234, -108.154297, 1171.875000
-48.095703, -263.427734, 1313.964844
-76.904297, -165.771484, 1352.539062
-36.376953, -125.732422, 1338.867188
-107.177734, -154.052734, 1249.023438
-68.115234, -111.083984, 1166.992188
-63.232422, -147.216797, 1105.957031
-52.978516, -190.185547, 1214.843750
-,-,-
-15.380859, 118.164062, 520.507812
-57.861328, 125.976562, 602.539062
-27.099609, -41.748047, 841.796875
-195.068359, -46.630859, 911.132812
-52.978516, -119.873047, 1232.421875
-222.412109, 30.273438, 1334.472656
-131.591797, -180.419922, 1367.675781
-103.759766, -55.419922, 1503.906250
-124.755859, -55.419922, 1314.453125
-87.158203, -107.177734, 1105.957031
-52.490234, -97.412109, 1048.828125
-60.302734, -128.662109, 976.562500
-82.763672, -131.591797, 1044.921875
-144.775391, -373.291016, 1596.679688
-,-,-
-41.259766, 183.593750, 602.539062
8.300781, 125.488281, 639.160156
-70.068359, 130.859375, 666.992188
-74.462891, 88.867188, 738.281250
-128.173828, 64.453125, 842.285156
-113.037109, -22.216797, 1075.195312
-146.240234, -31.982422, 1215.820312
-219.482422, -179.443359, 1267.578125
-127.685547, -78.857422, 1313.476562
-157.958984, -72.021484, 1320.800781
-143.798828, -179.443359, 1138.671875
-89.111328, -146.240234, 1101.562500
-144.287109, -145.263672, 1014.160156
-15.380859, -42.724609, 959.960938
-36.865234, -82.763672, 1000.976562
-,-,-
-53.466797, 125.488281, 708.984375
-139.404297, 88.867188, 768.066406
-131.591797, 103.515625, 837.890625
-152.587891, 58.593750, 970.703125
-109.619141, 99.609375, 1045.898438
-168.701172, 40.039062, 1130.859375
-153.076172, 40.039062, 1262.695312
-143.798828, -25.146484, 1326.171875
-198.974609, -88.623047, 1264.648438
-137.451172, -85.693359, 1188.476562
-188.232422, -187.255859, 1852.050781
-73.486328, -78.857422, 951.171875
-,-,-
-68.115234, 166.015625, 548.828125
-40.283203, 101.562500, 631.835938
-52.490234, 85.937500, 722.167969
-119.384766, 54.687500, 835.937500
-91.552734, 30.273438, 962.890625
-122.802734, 47.851562, 1034.179688
-130.615234, 37.109375, 1087.890625
-99.853516, -72.021484, 1199.218750
-158.447266, -97.412109, 1326.171875
-177.978516, -74.951172, 1267.089844
-156.982422, -56.396484, 1221.679688
-135.986328, -97.412109, 1075.195312
-112.548828, -104.248047, 1102.539062
-,-,-
-29.052734, 196.289062, 379.394531
-96.923828, 132.812500, 527.343750
-78.369141, -4.638672, 783.203125
-215.087891, -92.529297, 1031.250000
-192.138672, -69.091797, 1182.617188
-197.021484, -85.693359, 1304.687500
-198.974609, -120.849609, 1238.769531
-99.365234, -114.990234, 1271.484375
-159.423828, -158.935547, 1208.007812
-129.638672, -152.099609, 1101.562500
-147.216797, -153.076172, 1167.968750
-201.416016, -7.568359, 1027.832031
-17.822266, -42.724609, 1028.320312
-,-,-
-54.931641, 92.773438, 628.906250
-68.115234, -51.513672, 768.066406
-136.962891, 41.992188, 801.757812
-89.599609, -92.529297, 907.226562
-133.544922, -153.076172, 1108.886719
-143.798828, -137.451172, 1268.554688
-151.611328, -159.912109, 1334.960938
-207.275391, -95.458984, 1310.546875
-148.193359, -130.615234, 1331.054688
-61.279297, -109.130859, 1123.046875
-31.494141, -159.912109, 979.003906
30.761719, -393.798828, 1525.878906
-,-,-
-89.111328, 159.179688, 408.203125
-43.212891, 25.390625, 513.183594
-21.240234, -64.208984, 719.726562
-127.197266, -34.912109, 812.500000
-114.990234, -113.037109, 840.820312
-164.794922, -163.818359, 1121.093750
-73.486328, -230.224609, 1352.539062
-190.673828, -171.630859, 1484.375000
-105.712891, -226.318359, 1465.820312
-183.837891, -121.337891, 1455.078125
-149.658203, -212.646484, 1901.367188
-2.685547, -188.232422, 1164.062500
-49.560547, -235.107422, 1237.304688
-,-,-
-98.388672, 180.664062, 433.593750
-45.166016, 38.085938, 595.214844
-111.572266, 34.179688, 756.835938
-65.673828, 2.929688, 845.703125
-74.951172, 3.417969, 1070.312500
-101.806641, -20.263672, 1186.523438
-82.763672, -61.279297, 1324.707031
-168.212891, -7.568359, 1392.578125
-159.912109, -46.630859, 1372.070312
-128.173828, -37.841797, 1219.726562
-128.662109, -16.357422, 1235.839844
-36.376953, -30.029297, 1092.773438
-,-,-
-31.494141, 145.507812, 601.562500
-36.865234, 149.414062, 542.968750
-78.369141, 80.078125, 675.781250
-55.908203, 23.437500, 895.996094
-113.037109, 7.812500, 1066.894531
-242.919922, 4.882812, 1229.492188
-216.064453, 55.664062, 1349.609375
-218.994141, 51.757812, 1272.460938
-197.509766, 56.640625, 1279.296875
-171.630859, 89.843750, 1201.171875
-300.537109, 64.453125, 1702.148438
-53.466797, 6.835938, 987.304688
-,-,-
-69.091797, 163.085938, 682.128906
-51.513672, 74.218750, 597.656250
-90.576172, 113.281250, 593.750000
-114.990234, 115.234375, 687.500000
-61.279297, 28.320312, 839.843750
-44.677734, 19.531250, 795.410156
-131.103516, -2.685547, 1211.914062
-91.552734, -77.880859, 1363.769531
-205.322266, 37.109375, 1388.671875
-134.033203, -39.794922, 1496.582031
-147.216797, -86.669922, 1633.300781
79.589844, -7.568359, 791.992188
-12.939453, -24.169922, 1029.296875
-84.716797, -40.771484, 1145.507812
-61.767578, -38.818359, 1007.812500
-,-,-
-90.576172, 221.679688, 556.640625
-22.705078, 82.031250, 542.968750
-45.654297, 104.492188, 547.851562
-82.763672, 82.031250, 716.796875
-117.919922, -69.091797, 929.687500
-86.181641, -9.033203, 1154.785156
-166.259766, 56.640625, 1294.921875
-180.419922, 6.835938, 1347.656250
-147.705078, -30.029297, 1355.468750
-131.591797, 46.875000, 1300.781250
-81.787109, 63.476562, 1012.695312
-47.119141, 20.507812, 884.765625
-112.060547, -3.173828, 1027.832031
-,-,-
-80.322266, 116.210938, 485.351562
-111.083984, 224.609375, 493.164062
-119.384766, 34.179688, 673.828125
-128.173828, -78.857422, 803.710938
-129.150391, -30.029297, 926.757812
-121.826172, -90.576172, 982.910156
-147.216797, -99.365234, 1083.984375
-154.052734, 56.640625, 1163.085938
-182.861328, -107.177734, 1173.828125
-131.591797, -108.154297, 1188.476562
-191.650391, -87.646484, 1226.562500
-78.369141, -94.482422, 1027.343750
-129.638672, -109.130859, 1101.562500
-87.646484, -123.291016, 1074.218750
-116.943359, -10.498047, 925.292969
-126.708984, -47.607422, 1086.914062
-101.318359, -46.630859, 1172.851562
-,-,-
-79.345703, 145.507812, 669.921875
-100.830078, 159.179688, 629.882812
-82.763672, 38.085938, 682.128906
-51.513672, 71.289062, 730.468750
-148.193359, 17.578125, 940.429688
-92.529297, 11.718750, 999.023438
-158.447266, -21.240234, 1149.902344
-174.072266, -85.693359, 1299.804688
-120.849609, -47.607422, 1208.984375
-166.748047, -80.810547, 1246.093750
-114.990234, -79.833984, 1179.687500
-145.263672, -31.982422, 1156.250000
-129.638672, -79.833984, 1079.101562
-126.708984, -60.302734, 1083.007812
-138.427734, -72.021484, 1002.929688
-250.732422, -123.291016, 1500.000000
-89.111328, -34.912109, 974.609375
-99.853516, -4.638672, 989.257812
-,-,-
-54.931641, 93.750000, 507.812500
-110.595703, 187.500000, 504.882812
-51.513672, 115.234375, 495.117188
-115.966797, 11.718750, 708.984375
-122.802734, 30.273438, 851.074219
-175.048828, -20.263672, 1013.671875
-163.818359, -32.958984, 1235.839844
-164.306641, -78.857422, 1321.777344
-251.708984, -96.435547, 1309.570312
-151.123047, -100.341797, 1298.828125
-196.044922, -55.419922, 1174.804688
-90.576172, -47.607422, 1054.687500
-93.505859, -46.630859, 1068.359375
-108.642578, -72.021484, 1041.992188
-109.130859, -99.365234, 1063.476562
-248.779297, -124.267578, 1566.406250
-60.302734, -70.068359, 967.773438
-91.552734, -30.029297, 1012.695312
-,-,-
-80.810547, 136.718750, 566.406250
-102.294922, 112.304688, 546.875000
-98.388672, 155.273438, 523.437500
-140.380859, 126.953125, 641.113281
-127.197266, 62.500000, 781.250000
-179.443359, 19.531250, 962.890625
-161.865234, -10.498047, 1168.945312
-224.853516, -58.349609, 1222.656250
-117.919922, -92.529297, 1267.578125
-136.962891, -85.693359, 1267.578125
-161.865234, -133.544922, 1194.824219
-106.201172, -114.013672, 1135.742188
-114.990234, -125.244141, 1106.445312
-101.318359, -128.662109, 1059.570312
-100.830078, -156.982422, 1080.078125
-109.619141, -161.865234, 1018.066406
-112.548828, -180.419922, 1082.031250
-135.009766, -147.216797, 1050.781250
-98.388672, -90.576172, 954.101562
-133.056641, -146.240234, 1012.695312
-,-,-
-21.728516, 130.859375, 706.054688
-55.419922, 103.515625, 996.093750
-147.216797, -12.451172, 1051.757812
-29.052734, 118.652344, 1606.445312
-191.650391, -21.240234, 1366.210938
-242.919922, -58.349609, 1322.753906
-183.349609, -35.888672, 1292.968750
-134.521484, -21.240234, 1113.281250
-176.025391, -89.599609, 1083.984375
-129.150391, -71.044922, 1088.867188
-127.685547, -70.068359, 1004.882812
-96.923828, -85.693359, 1013.671875
-120.361328, -88.623047, 991.210938
-146.240234, -134.521484, 1055.664062
-154.052734, -114.990234, 1186.523438
-123.779297, -96.435547, 977.539062
-103.271484, -98.388672, 965.820312
-133.544922, -130.615234, 999.023438
-156.005859, -141.357422, 999.023438
-,-,-
-49.560547, 154.296875, 487.304688
-84.716797, 90.820312, 578.125000
-87.158203, 2.929688, 743.164062
-159.423828, -67.138672, 891.113281
-139.404297, -59.326172, 1080.078125
-229.248047, -65.185547, 1202.148438
-157.470703, 17.578125, 1199.707031
-165.283203, -57.373047, 1198.242188
-171.630859, -50.537109, 1183.593750
-103.759766, -86.669922, 1182.617188
-123.291016, -75.927734, 1149.902344
-108.642578, -85.693359, 1076.171875
-80.322266, -145.263672, 1102.050781
-107.177734, -152.099609, 1025.390625
-315.185547, -263.916016, 1848.632812
-90.576172, -113.037109, 990.234375
-84.716797, -98.388672, 957.031250
-112.060547, -192.138672, 1034.179688
-,-,-
-69.091797, 108.398438, 590.820312
-37.353516, 184.570312, 678.710938
-107.666016, 58.593750, 956.054688
-100.341797, 26.367188, 1072.265625
-124.755859, 3.417969, 1380.859375
-160.888672, -37.841797, 1468.750000
-144.775391, -38.818359, 1366.699219
-140.380859, 17.578125, 1306.152344
-99.365234, -18.310547, 1091.796875
-92.529297, -52.490234, 1110.839844
-104.736328, -89.599609, 1037.109375
-100.341797, -87.646484, 1051.757812
-127.197266, -75.927734, 1093.750000
-91.552734, -37.841797, 965.820312
-99.365234, -68.115234, 993.164062
-128.173828, -109.130859, 968.750000
-115.966797, -101.318359, 995.117188
-127.197266, -61.279297, 1013.671875
-119.384766, -56.396484, 1066.894531
-,-,-
-48.095703, 189.453125, 570.312500
-46.142578, 143.554688, 744.140625
8.300781, 117.187500, 831.054688
-83.740234, 144.531250, 892.578125
-102.783203, 119.140625, 1075.195312
-45.654297, 91.796875, 1036.132812
-195.068359, 117.187500, 1187.500000
-115.478516, 106.445312, 1185.546875
-174.560547, 127.929688, 1250.000000
-136.474609, 91.796875, 1166.992188
-115.966797, 100.585938, 1108.886719
-135.986328, 65.429688, 1119.140625
-111.572266, 49.804688, 1044.921875
-89.599609, 146.484375, 1124.023438
-32.470703, 115.234375, 847.656250
-65.673828, 22.460938, 1050.781250
-85.693359, -27.099609, 1050.781250
-75.927734, 28.320312, 1044.921875
-,-,-
-31.005859, 136.718750, 640.625000
-87.158203, 150.390625, 755.859375
-36.865234, 85.937500, 783.203125
-65.673828, 156.250000, 741.210938
-50.048828, 155.273438, 808.105469
-89.599609, 186.523438, 814.453125
-80.322266, 121.093750, 1042.968750
-162.841797, 76.171875, 1102.539062
-177.001953, 81.054688, 1331.054688
-189.697266, 90.820312, 1301.757812
-158.935547, 55.664062, 1236.816406
-125.244141, 18.554688, 1218.750000
-72.021484, 49.804688, 1061.523438
-43.701172, -29.052734, 1046.875000
-86.181641, 6.835938, 1062.988281
-102.783203, 8.789062, 1051.757812
-166.259766, 54.687500, 1241.699219
-70.068359, 83.007812, 993.164062
-49.072266, 57.617188, 1006.835938
-,-,-
-25.146484, 72.265625, 509.277344
-10.986328, 122.558594, 576.171875
-18.310547, 47.851562, 662.109375
-42.724609, 64.453125, 685.546875
-27.099609, 42.968750, 801.757812
-22.216797, 52.734375, 794.921875
-101.318359, -17.333984, 957.031250
-88.134766, -33.935547, 1145.996094
-132.568359, -53.466797, 1211.914062
-50.537109, -2.197266, 1240.722656
-89.111328, -38.818359, 1231.445312
-33.447266, -66.162109, 1186.523438
-55.419922, -6.591797, 1169.921875
-92.041016, -30.029297, 1090.820312
-40.771484, -62.255859, 1027.343750
-75.927734, -57.373047, 1062.011719
-264.404297, -146.240234, 1920.410156
-29.052734, -38.818359, 980.957031
-36.865234, 59.570312, 1007.812500
-49.072266, -3.173828, 1101.562500
-,-,-
-87.158203, 239.257812, 546.875000
-52.978516, 181.640625, 595.214844
-98.388672, 104.492188, 735.351562
-203.369141, 10.742188, 973.632812
-62.255859, 13.671875, 1134.765625
-204.345703, -40.771484, 1403.808594
-147.216797, -64.208984, 1333.007812
-160.400391, -25.146484, 1403.808594
-195.068359, -15.380859, 1269.531250
-93.994141, -73.974609, 1095.703125
-125.732422, -66.162109, 1116.210938
-117.431641, -73.974609, 1051.757812
-186.279297, -117.431641, 1410.156250
-96.923828, -48.583984, 971.679688
-79.833984, -17.333984, 974.609375
-125.244141, -69.091797, 1028.320312
-,-,-
-24.169922, 140.625000, 448.242188
-111.083984, 175.781250, 606.445312
-123.779297, 118.164062, 702.148438
-171.630859, 73.242188, 883.789062
-189.697266, 87.890625, 986.328125
-157.470703, 88.867188, 1110.839844
-245.361328, 38.085938, 1147.460938
-237.548828, -88.623047, 1217.773438
-206.787109, -6.591797, 1249.023438
-210.693359, -36.865234, 1131.835938
-157.958984, -68.115234, 1148.925781
-128.173828, -29.052734, 1086.914062
-103.759766, -93.505859, 977.539062
-219.970703, -165.771484, 1304.687500
-99.365234, -18.310547, 974.609375
-,-,-
-51.025391, 145.507812, 536.132812
-103.759766, 118.164062, 600.585938
-33.935547, 139.648438, 643.554688
-127.685547, 99.609375, 822.265625
-133.056641, 19.531250, 1055.664062
-149.658203, 30.273438, 1134.765625
-157.470703, 77.636719, 1197.753906
-206.298828, 73.242188, 1321.777344
-175.048828, 23.437500, 1233.886719
-189.697266, 1.464844, 1252.929688
-149.658203, -1.220703, 1176.757812
-117.431641, -26.123047, 1095.703125
-128.173828, -38.818359, 1024.902344
-194.091797, -110.107422, 1235.839844
-85.693359, 76.171875, 1001.953125
-,-,-
-76.904297, 190.429688, 598.632812
-21.728516, 219.726562, 584.960938
-108.154297, 126.953125, 759.765625
-39.306641, 84.960938, 839.843750
-135.009766, 25.390625, 1016.601562
-134.033203, -24.169922, 972.656250
-133.056641, 40.039062, 1137.695312
-197.998047, -65.185547, 1229.492188
-161.865234, -136.474609, 1166.992188
-164.794922, -38.818359, 1252.929688
-146.240234, -99.365234, 1080.078125
-147.216797, -127.685547, 1145.019531
-36.865234, 41.992188, 879.882812
-78.369141, -8.544922, 964.843750
-37.841797, -62.255859, 954.101562
-91.552734, -108.154297, 1021.972656
-,-,-
-35.400391, 90.820312, 666.015625
-184.326172, 62.500000, 660.156250
-90.576172, 10.742188, 924.804688
-215.087891, -24.169922, 1077.148438
-184.814453, -42.724609, 1190.917969
-203.857422, -77.880859, 1370.605469
-206.298828, -93.505859, 1249.023438
-166.748047, -103.271484, 1312.500000
-139.404297, -121.826172, 1146.484375
-98.388672, -143.310547, 1099.609375
-195.068359, -251.708984, 1447.753906
-31.005859, -87.646484, 944.335938
-42.236328, -79.833984, 1055.664062
-83.251953, -157.958984, 1033.203125
-143.798828, -133.544922, 1302.734375
-,-,-
-7.080078, 138.671875, 534.179688
-85.693359, 72.265625, 686.523438
-19.287109, 62.500000, 648.437500
-34.912109, 13.671875, 937.988281
-76.904297, 37.109375, 1047.851562
-118.408203, -92.529297, 1144.531250
-159.423828, -56.396484, 1335.937500
-129.150391, -148.193359, 1274.414062
-160.400391, -155.029297, 1304.687500
-110.107422, -94.482422, 1167.968750
-64.697266, -106.201172, 1056.640625
-94.970703, -137.451172, 1019.531250
-257.080078, -148.193359, 1620.605469
-16.845703, -72.021484, 923.828125
-,-,-
4.882812, 136.718750, 682.128906
-33.447266, 53.710938, 796.875000
-87.158203, 18.554688, 862.304688
-89.599609, -3.662109, 990.234375
-218.994141, -91.552734, 1218.750000
-196.044922, -78.857422, 1345.703125
-166.748047, -61.279297, 1325.195312
-167.236328, -46.630859, 1267.578125
-116.943359, -94.482422, 1158.203125
-114.990234, -53.466797, 1125.976562
-99.365234, -51.513672, 1039.062500
-184.814453, -213.623047, 1449.707031
-36.865234, -30.029297, 915.039062
-54.931641, -98.388672, 1072.265625
-,-,-
-45.654297, 119.140625, 743.164062
-121.337891, -39.794922, 943.359375
-113.037109, -80.810547, 925.781250
-106.201172, -131.591797, 943.847656
-130.126953, -104.248047, 1135.742188
-156.982422, -134.521484, 1296.875000
-111.083984, -88.623047, 1252.929688
-103.759766, -105.224609, 1235.839844
-306.884766, -287.841797, 1999.755859
-35.888672, -76.904297, 911.132812
-5.615234, -40.771484, 817.382812
-69.580078, -147.216797, 1014.160156
-,-,-
-84.716797, 175.781250, 394.531250
-104.248047, 159.179688, 501.953125
-101.806641, 37.109375, 679.687500
-120.361328, -37.841797, 839.843750
-135.986328, -53.466797, 1030.273438
-144.287109, -40.771484, 1137.695312
-115.966797, -28.076172, 1101.562500
-121.337891, -60.302734, 1167.968750
-29.052734, -72.021484, 1183.593750
-95.947266, -93.505859, 1175.781250
-96.923828, -148.193359, 1211.914062
-91.064453, -153.076172, 1120.117188
-135.498047, -180.419922, 1043.945312
-276.611328, -449.951172, 1960.449219
-,-,-
-65.673828, 141.601562, 585.937500
-46.142578, 172.851562, 583.984375
-19.287109, 117.187500, 639.648438
-71.533203, 148.437500, 710.937500
7.324219, 103.515625, 895.019531
-165.283203, 32.226562, 1055.664062
-25.146484, 21.484375, 1169.921875
-134.033203, 89.843750, 1261.718750
-144.775391, 60.546875, 1191.894531
-113.037109, 65.429688, 1097.167969
-143.310547, 56.640625, 1185.546875
-90.576172, 41.992188, 1076.171875
-94.970703, 29.296875, 1091.796875
-130.615234, -1.220703, 1114.746094
-132.568359, -43.701172, 1206.054688
-,-,-
-142.333984, 279.296875, 410.156250
-137.939453, 171.875000, 520.507812
-61.767578, 75.195312, 551.757812
-49.560547, -36.865234, 803.710938
-40.283203, 1.953125, 953.125000
-47.119141, -10.498047, 1051.757812
24.414062, -14.404297, 1172.851562
-105.712891, 104.492188, 1266.113281
-31.494141, -44.677734, 1397.460938
-34.912109, -22.216797, 1354.492188
-44.677734, -23.193359, 1329.101562
-10.986328, -31.005859, 1143.554688
-36.865234, -36.865234, 1088.867188
-25.146484, -25.146484, 1038.085938
-147.705078, -114.990234, 1466.796875
-,-,-
-54.931641, 280.273438, 501.953125
-60.302734, 161.132812, 585.937500
-90.087891, 101.562500, 699.218750
-72.021484, 43.945312, 928.710938
-186.279297, -33.935547, 984.863281
-89.111328, -2.685547, 1175.781250
-116.943359, -67.138672, 1221.679688
-114.013672, -76.904297, 1250.976562
-105.224609, -56.396484, 1357.421875
-147.216797, -95.458984, 1223.632812
-67.138672, -65.185547, 1177.734375
-61.279297, -62.255859, 1048.828125
-93.994141, -103.271484, 1016.601562
-93.505859, -114.990234, 1058.593750
-195.068359, -138.427734, 1298.828125
-63.720703, -102.294922, 1133.789062
-,-,-
-75.927734, 145.507812, 752.929688
-64.697266, 30.273438, 816.406250
-141.357422, -31.982422, 1051.757812
-131.103516, 40.039062, 1093.750000
-114.990234, -12.451172, 1184.570312
-126.708984, -61.279297, 1219.726562
-89.599609, 14.648438, 1192.871094
-88.134766, 43.945312, 1206.054688
-93.505859, 9.765625, 1075.195312
-48.583984, 34.179688, 1081.054688
-73.486328, 46.875000, 1080.078125
-110.595703, -28.076172, 1104.003906
-97.412109, -25.146484, 1215.820312
-13.427734, 10.742188, 989.257812
-,-,-
-64.697266, 102.539062, 675.781250
-7.568359, 125.000000, 679.687500
-85.693359, 137.695312, 718.750000
-41.748047, 88.867188, 821.289062
-102.294922, 80.078125, 846.679688
-91.552734, 64.453125, 954.101562
-40.283203, 31.250000, 1105.468750
-125.732422, 5.371094, 1151.855469
-18.798828, 11.718750, 1217.773438
-73.974609, -7.568359, 1212.890625
-70.068359, 2.441406, 1233.398438
-24.658203, 14.648438, 1214.843750
-35.888672, 13.671875, 1090.820312
-56.396484, -32.958984, 1126.953125
-118.896484, -115.966797, 1660.644531
63.476562, -3.662109, 985.351562
-,-,-
-138.427734, -18.310547, 795.898438
-152.587891, -23.193359, 1123.046875
-203.857422, -61.279297, 1305.664062
-183.837891, -105.224609, 1476.562500
-189.697266, -33.935547, 1384.765625
-89.599609, -83.740234, 1178.710938
-31.005859, -85.693359, 1145.019531
-123.779297, -112.060547, 1227.050781
-77.392578, -121.337891, 1202.148438
16.601562, -14.404297, 861.328125
5.859375, -81.787109, 972.656250
-29.052734, -115.966797, 1021.972656
-42.236328, -61.279297, 1014.648438
-36.865234, -72.998047, 1054.687500
-,-,-
-90.087891, 156.250000, 487.304688
-115.966797, 158.203125, 469.238281
-119.384766, 118.164062, 590.820312
-144.775391, 47.851562, 805.664062
-293.212891, -2.685547, 1015.625000
-190.673828, -23.193359, 1145.996094
-347.900391, 54.687500, 1340.820312
-210.693359, 2.929688, 1273.437500
-202.392578, -77.880859, 1303.710938
-141.357422, -70.068359, 1115.234375
-191.162109, -83.740234, 1338.867188
-130.615234, -64.208984, 1155.761719
-76.416016, -2.197266, 928.710938
-86.669922, -41.748047, 990.234375
-146.240234, -157.958984, 1062.500000
-114.990234, -154.052734, 1011.718750
-156.982422, -139.404297, 1179.687500
-,-,-
-37.841797, 125.488281, 336.914062
-84.716797, 144.531250, 310.546875
-120.361328, 102.539062, 513.671875
-35.888672, 33.203125, 652.343750
-162.353516, -99.365234, 994.140625
-206.298828, -78.857422, 1197.753906
-209.716797, -77.880859, 1393.554688
-109.130859, -53.466797, 1302.734375
-123.291016, -29.052734, 1306.640625
-116.943359, -78.857422, 1234.863281
-21.728516, -58.349609, 1159.667969
-81.298828, -74.951172, 1126.953125
-33.447266, -99.365234, 1045.898438
-79.345703, -71.044922, 1244.628906
-55.908203, -81.787109, 952.148438
-23.681641, 63.476562, 890.625000
-35.888672, -209.716797, 1164.062500
-,-,-
-46.630859, 68.359375, 395.507812
-89.111328, 89.843750, 241.210938
-144.775391, 52.734375, 562.500000
-151.611328, 0.488281, 814.453125
-91.552734, -82.763672, 925.781250
-170.654297, -43.701172, 1159.179688
-115.478516, -207.763672, 1226.562500
-177.001953, -15.380859, 1418.945312
-179.443359, 6.835938, 1336.914062
-65.673828, -0.732422, 1214.843750
-87.158203, 10.742188, 1157.226562
-32.470703, -39.794922, 1041.015625
-1.220703, -22.216797, 1005.859375
-25.634766, -136.474609, 935.546875
-,-,-
-7.080078, 118.164062, 367.187500
-74.951172, 159.179688, 330.078125
-35.888672, 21.484375, 347.656250
-32.470703, -27.099609, 632.812500
-127.197266, -57.373047, 891.113281
-129.150391, -99.365234, 1184.570312
-160.888672, -108.154297, 1495.605469
-183.837891, -58.349609, 1464.843750
-143.310547, 4.882812, 1298.828125
-113.037109, -21.240234, 1199.218750
-116.455078, -29.052734, 1100.585938
8.789062, -186.279297, 1293.457031
-15.380859, -73.974609, 1051.757812
77.148438, -3.662109, 870.117188
-26.611328, -45.654297, 1056.640625
-50.537109, -72.021484, 1008.789062
-,-,-
-72.509766, 197.265625, 378.906250
-110.595703, 145.507812, 405.273438
-69.091797, 122.070312, 422.851562
-137.451172, -7.568359, 757.812500
-128.173828, -15.380859, 997.070312
-124.755859, -27.099609, 1083.007812
-162.841797, 35.156250, 1430.664062
-139.892578, -34.912109, 1315.429688
-170.654297, 57.617188, 1394.531250
-223.388672, -34.912109, 1342.773438
-74.951172, -7.568359, 1154.296875
-140.869141, 17.578125, 1173.828125
-187.255859, 23.437500, 1034.179688
